2048 2048
2048
1091 1790 1075 1790 1075 1801
121 1481 149 1481 149 1520 153 1520 153 1591
1863 1788 1825 1788 1825 1836
1493 690 1440 690 1440 619 1374 619 1374 613
800 1370 800 1283 863 1283
1167 182 1182 182 1182 153 1206 153 1206 142
1069 153 1069 189 1038 189 1038 232 1014 232
1 23 1 84 41 84
487 1149 487 1122 474 1122 474 1038 438 1038
407 1473 378 1473 378 1478 354 1478 354 1481
506 531 424 531 424 512 414 512 414 490
675 1361 672 1361 672 1245 660 1245 660 1240
1499 1492 1501 1492 1501 1506 1502 1506 1502 1610
912 1927 912 1920 933 1920 933 1898 962 1898
686 940 689 940 689 955 724 955 724 961
1195 679 1195 708 1274 708 1274 752 1305 752
494 1773 494 1723 495 1723 495 1670 509 1670
1921 166 1936 166 1936 152 1942 152 1942 118
1020 1876 1085 1876 1085 1939 1127 1939
365 526 353 526 353 574 306 574
1181 1257 1181 1238 1178 1238 1178 1216 1173 1216
38 1030 38 1031 53 1031 53 1032 61 1032
675 1954 650 1954 650 1940 641 1940 641 1889
1209 1272 1222 1272 1222 1328 1293 1328 1293 1347
820 1248 820 1221 816 1221 816 1134 795 1134
1092 1309 1089 1309 1089 1236 1085 1236 1085 1197
1060 1877 1008 1877 1008 1803
499 366 464 366 464 341 448 341 448 255
664 435 664 314 632 314
185 1690 185 1654 176 1654 176 1642 73 1642
479 24 444 24 444 57 410 57 410 93
1063 1235 1073 1235 1073 1263 1190 1263
1441 1853 1441 1874 1443 1874 1443 1881 1477 1881
527 503 547 503 547 625 558 625 558 628
398 1260 377 1260 377 1236 292 1236 292 1227
1410 560 1378 560 1378 567 1292 567
1236 277 1137 277 1137 218 1127 218 1127 196
1726 835 1681 835 1681 870 1603 870 1603 871
0 800 0 757 41 757 41 713 82 713
551 585 551 598 611 598 611 663 629 663
1314 422 1336 422 1336 361 1421 361 1421 340
1667 1882 1667 1893 1651 1893 1651 1926 1585 1926
1111 1330 1128 1330 1128 1325 1132 1325 1132 1317
1785 267 1786 267 1786 280 1864 280 1864 318
1132 656 1121 656 1121 605 1105 605 1105 547
623 1744 588 1744 588 1741
121 960 119 960 119 961 118 961
1113 1936 1113 1811 1112 1811
641 20 644 20 644 19 747 19 747 10
491 1709 491 1721 533 1721 533 1726 541 1726
803 1600 803 1542 773 1542 773 1522 741 1522
1955 126 1955 170 1927 170
463 1995 463 1987 480 1987 480 1913 498 1913
1641 745 1667 745 1667 824 1743 824 1743 852
1535 1148 1542 1148 1542 1231 1547 1231 1547 1269
1893 1356 1893 1327 1913 1327 1913 1233 1921 1233
1891 1317 1891 1316 1991 1316 1991 1311 2006 1311
109 837 109 843 68 843 68 850 52 850
1336 204 1336 203 1310 203 1310 161 1211 161
73 699 73 703 35 703 35 717 22 717
1147 2037 1147 2020 1230 2020 1230 1969 1231 1969
1272 317 1260 317 1260 384 1229 384 1229 434
149 113 149 82 164 82 164 41 233 41
698 1709 698 1608 598 1608 598 1581 589 1581
955 993 946 993 946 1064 905 1064 905 1090
97 1265 99 1265 99 1187 102 1187 102 1175
1733 1247 1733 1178 1817 1178
911 1875 911 1849 814 1849 814 1820 796 1820
1419 1311 1419 1242 1389 1242 1389 1203 1377 1203
1212 1197 1218 1197 1218 1180 1221 1180 1221 1153
1775 717 1823 717 1823 756 1890 756
1485 1998 1485 1969 1484 1969 1484 1883 1425 1883
1415 754 1416 754 1416 811 1421 811 1421 846
1044 1114 1044 1154 1028 1154 1028 1169 1027 1169
64 175 91 175 91 48 184 48
671 975 667 975 667 944 652 944 652 931
1404 1140 1404 1029 1399 1029 1399 1020
1681 1905 1681 1846 1685 1846 1685 1824 1689 1824
1854 1396 1823 1396 1823 1455 1758 1455 1758 1514
276 1440 275 1440 275 1545 193 1545
1128 420 1141 420 1141 430 1143 430 1143 445
939 1522 939 1537 880 1537 880 1603
1400 1295 1367 1295 1367 1307 1292 1307 1292 1318
110 240 110 237 127 237 127 211
1822 1710 1746 1710 1746 1765 1715 1765 1715 1782
1616 395 1643 395 1643 348 1653 348
900 174 900 187 971 187 971 269
1047 1250 1047 1298 1106 1298 1106 1362 1132 1362
1783 1504 1781 1504 1781 1511 1777 1511 1777 1525
955 1214 1041 1214 1041 1245
99 789 173 789 173 812 177 812 177 838
1451 610 1353 610 1353 657 1325 657 1325 674
292 359 291 359 291 306 180 306 180 279
800 719 801 719 801 831 835 831 835 833
41 1920 42 1920 42 1963 105 1963 105 1968
236 1295 236 1285 232 1285 232 1228 231 1228
1893 982 1893 1001 1873 1001 1873 1060 1851 1060
2044 603 1977 603 1977 557 1941 557 1941 516
1882 1919 1895 1919 1895 1846 1928 1846 1928 1845
1649 191 1577 191 1577 194 1552 194
405 35 383 35 383 125 359 125 359 127
744 474 749 474 749 464 754 464 754 458
790 2025 738 2025 738 2005 698 2005 698 2004
1622 180 1622 186 1689 186 1689 301 1720 301
197 379 206 379 206 327
250 1135 250 1134 249 1134 249 1097 152 1097
1529 1284 1534 1284 1534 1371 1644 1371 1644 1382
1273 1954 1229 1954 1229 2003 1214 2003 1214 2016
1914 528 1889 528 1889 535 1856 535 1856 536
499 1218 499 1203 500 1203 500 1148 508 1148
706 1778 723 1778 723 1692 788 1692 788 1691
1289 728 1289 697 1305 697 1305 686 1322 686
655 919 654 919 654 878 576 878 576 802
549 1524 548 1524 548 1528 466 1528 466 1532
161 1259 156 1259 156 1310 47 1310 47 1366
1706 525 1706 512 1623 512 1623 470 1615 470
1548 196 1548 177 1547 177 1547 159 1490 159
1698 1244 1698 1229 1650 1229 1650 1184 1598 1184
1262 577 1262 592 1263 592 1263 701
1142 1882 1143 1882 1143 1767 1185 1767
241 1235 220 1235 220 1289 169 1289 169 1346
1556 1258 1556 1270 1528 1270 1528 1309 1478 1309
341 546 342 546 342 525 403 525 403 464
1958 135 1958 188 1970 188 1970 245 1976 245
1504 848 1504 881 1505 881 1505 913 1542 913
56 1153 175 1153 175 1151
549 1826 549 1916 567 1916
1318 1306 1297 1306 1297 1300 1283 1300 1283 1276
1239 87 1239 86 1237 86 1237 15 1142 15
1283 1171 1283 1102 1284 1102 1284 1079 1322 1079
1298 60 1298 31 1355 31 1355 25 1408 25
938 551 938 481 936 481
1977 640 1965 640 1965 632 1889 632 1889 584
1394 1922 1394 1929 1408 1929 1408 1952 1421 1952
1324 1167 1328 1167 1328 1266
815 462 816 462 816 383 843 383 843 353
768 351 786 351 786 352 848 352 848 354
356 990 351 990 351 1001 350 1001 350 1052
406 627 406 565 373 565
304 1580 304 1608 305 1608 305 1617 389 1617
1263 1103 1263 1078 1247 1078 1247 997 1233 997
1650 1105 1656 1105 1656 1139 1673 1139
36 827 36 868 66 868 66 882 133 882
366 1106 366 1045 389 1045 389 985 486 985
1549 358 1539 358 1539 290 1431 290
163 42 163 30 177 30 177 26 283 26
1700 1715 1700 1730 1737 1730
1232 1744 1233 1744 1233 1695 1352 1695 1352 1651
964 1338 1005 1338 1005 1358 1044 1358 1044 1366
648 823 702 823 702 844 712 844 712 853
1419 923 1419 993 1420 993 1420 1017 1430 1017
279 1076 279 1050 276 1050 276 972 201 972
2036 1384 2036 1341 1982 1341 1982 1326 1954 1326
706 1390 701 1390 701 1498 683 1498 683 1517
1874 1578 1874 1550 1798 1550 1798 1464 1770 1464
592 989 592 991 533 991 533 1064
230 442 205 442 205 526 202 526 202 529
1911 803 1911 833 1910 833 1910 930 1893 930
1626 294 1621 294 1621 295 1618 295 1618 297
1467 330 1467 417 1522 417
193 1785 137 1785 137 1848 82 1848 82 1870
1610 1895 1610 1849 1649 1849 1649 1801 1653 1801
543 1594 557 1594 557 1643 605 1643 605 1644
1477 164 1477 171 1461 171 1461 193 1437 193
854 1884 854 1880 797 1880 797 1771 796 1771
191 1947 184 1947 184 1874 138 1874 138 1825
656 1037 656 1069 653 1069 653 1163 550 1163
1354 615 1354 611 1461 611 1461 518
68 1604 167 1604 167 1540 181 1540
1564 365 1572 365 1572 396 1649 396 1649 434
1625 373 1625 357 1642 357 1642 304 1651 304
715 742 717 742 717 705 812 705 812 665
1241 1891 1241 1913 1242 1913 1242 1920 1263 1920
456 1459 492 1459 492 1461 516 1461 516 1468
476 1404 482 1404 482 1389 522 1389 522 1383
965 754 965 701 944 701 944 648 845 648
902 1436 922 1436 922 1337 987 1337 987 1311
1698 790 1693 790 1693 714 1669 714 1669 712
646 1054 614 1054 614 926
1479 1573 1483 1573 1483 1567 1555 1567 1555 1508
370 515 350 515 350 429 254 429 254 406
1658 583 1670 583 1670 620 1690 620 1690 662
1852 96 1853 96 1853 74 1946 74 1946 67
338 214 401 214 401 103 427 103
632 470 628 470 628 466 618 466 618 460
1220 640 1196 640 1196 589
794 75 794 126 795 126 795 177 875 177
785 276 730 276 730 288
1399 466 1414 466 1414 449 1449 449 1449 371
825 272 910 272 910 273 930 273 930 280
191 1956 275 1956 275 1924 311 1924 311 1923
1386 747 1385 747 1385 730 1370 730 1370 715
1980 1705 1957 1705 1957 1704 1917 1704
671 1644 653 1644 653 1632 638 1632 638 1630
202 1138 203 1138 203 1206 210 1206 210 1216
97 1142 130 1142 130 1229 143 1229 143 1263
1334 1648 1334 1643 1333 1643 1333 1637 1330 1637
1249 1235 1249 1173 1277 1173 1277 1151 1278 1151
234 799 234 803 193 803 193 879 173 879
457 5 459 5 459 109 494 109 494 111
494 1428 475 1428 475 1404 411 1404 411 1396
1892 868 1892 870 1938 870 1938 877 1971 877
990 22 978 22 978 139 913 139 913 140
1845 2042 1845 2020 1962 2020 1962 1953
272 1652 299 1652 299 1625 348 1625 348 1609
548 195 519 195 519 154 425 154 425 108
274 202 274 178 319 178
941 714 998 714 998 692 1028 692 1028 683
1311 416 1210 416 1210 320 1196 320
1484 2018 1562 2018 1562 2015 1610 2015
1156 1212 1156 1164 1218 1164 1218 1147 1236 1147
1465 15 1421 15 1421 30 1394 30 1394 102
1695 1526 1688 1526 1688 1439 1677 1439 1677 1403
547 849 564 849 564 822 672 822 672 813
819 1770 819 1719 789 1719
1861 1624 1862 1624 1862 1529 1948 1529 1948 1523
957 1218 958 1218 958 1298 1018 1298 1018 1326
990 1495 1051 1495 1051 1494 1075 1494 1075 1491
1413 140 1454 140 1454 125 1458 125 1458 105
329 463 329 437 337 437 337 345 343 345
306 1542 294 1542 294 1625 273 1625 273 1627
1794 861 1836 861 1836 892 1867 892 1867 910
73 1731 73 1710 55 1710 55 1623 30 1623
422 990 487 990 487 973 501 973 501 917
1892 171 1893 171 1893 168 1919 168 1919 161
1742 1359 1743 1359 1743 1255 1758 1255 1758 1251
1993 886 2030 886 2030 968 2033 968 2033 970
37 1336 32 1336 32 1392 28 1392 28 1420
1325 1131 1325 1097 1415 1097 1415 1030 1445 1030
809 1317 810 1317 810 1287 935 1287 935 1252
912 281 912 304 911 304 911 378 894 378
1964 2032 1967 2032 1967 2014 1986 2014 1986 1990
1657 35 1657 48 1716 48 1716 62 1744 62
1183 724 1183 694 1229 694
1996 140 1996 84 1995 84 1995 66 1884 66
1742 1174 1742 1177 1818 1177 1818 1185 1833 1185
1475 1433 1464 1433 1464 1427 1448 1427 1448 1426
1949 1182 1949 1173 1934 1173 1934 1078 1918 1078
47 245 48 245 48 244 61 244 61 226
693 61 692 61 692 16 655 16 655 15
1893 38 1883 38 1883 134 1848 134 1848 148
875 375 875 370 932 370 932 364 954 364
1302 75 1303 75 1303 52 1342 52 1342 14
480 1734 471 1734 471 1717 445 1717 445 1716
238 1325 261 1325 261 1284 271 1284 271 1237
714 165 719 165 719 160 726 160 726 110
834 23 786 23 786 75
532 1539 465 1539 465 1483 463 1483 463 1422
892 1724 892 1686 817 1686 817 1670 794 1670
1457 1460 1407 1460 1407 1508 1377 1508 1377 1509
128 1075 128 1062 88 1062 88 955 72 955
1734 1530 1734 1528 1778 1528 1778 1523 1789 1523
1294 1236 1294 1237 1295 1237 1295 1260 1372 1260
96 1055 115 1055 115 985 139 985 139 959
1420 1946 1415 1946 1415 1854 1380 1854 1380 1838
1062 319 1062 318 997 318 997 314 956 314
973 1209 973 1198 1028 1198 1028 1187 1045 1187
209 732 207 732 207 696 140 696 140 690
1244 1561 1253 1561 1253 1619 1254 1619 1254 1648
1930 2019 1930 1986 1893 1986 1893 1953 1860 1953
270 665 271 665 271 615 330 615 330 564
205 1885 205 1894 124 1894 124 1962 88 1962
194 353 198 353 198 263 218 263
1443 812 1444 812 1444 864 1545 864 1545 908
1204 508 1100 508 1100 507 1086 507
1395 175 1395 163 1469 163 1469 99 1482 99
728 1217 728 1150 710 1150 710 1127 683 1127
612 468 613 468 613 530 688 530 688 592
1308 958 1312 958 1312 954 1322 954 1322 934
202 554 214 554 214 509 221 509 221 454
1373 1232 1364 1232 1364 1134 1349 1134 1349 1131
1819 641 1819 599 1817 599 1817 525
619 1673 619 1674 633 1674 633 1714 718 1714
2041 679 2041 615 1976 615 1976 558 1968 558
1358 1005 1358 1047 1373 1047 1373 1092 1379 1092
510 1915 520 1915 520 1874 632 1874 632 1829
1107 1846 1106 1846 1106 1785 985 1785 985 1772
1503 731 1545 731 1545 808
8 1966 11 1966 11 1877 65 1877 65 1845
1844 1055 1844 1059 1843 1059 1843 1070 1798 1070
1278 634 1272 634 1272 520
871 1446 871 1443 875 1443 875 1432 881 1432
720 1657 721 1657 721 1700 722 1700 722 1707
1950 281 1961 281 1961 329
1213 1283 1215 1283 1215 1284 1216 1284 1216 1285
1058 1778 989 1778 989 1741 943 1741 943 1672
1486 288 1430 288 1430 362 1409 362 1409 409
1882 1458 1882 1506 1981 1506
655 1118 655 1099 713 1099 713 1040 755 1040
43 1423 43 1535 91 1535 91 1551 105 1551
1131 1238 1116 1238 1116 1236 1090 1236
68 317 81 317 81 314 97 314 97 313
782 684 781 684 781 658 758 658 758 648
14 1121 14 1096 15 1096 15 1088
940 562 1007 562 1007 487 1067 487 1067 482
1456 884 1456 881 1440 881 1440 872 1405 872
989 1688 990 1688 990 1743 1106 1743 1106 1774
1510 585 1510 586 1500 586 1500 627 1446 627
95 13 90 13 90 88 86 88 86 94
208 700 308 700 308 712 314 712 314 713
1798 259 1789 259 1789 262 1783 262 1783 279
1499 1591 1499 1590 1498 1590 1498 1568
1313 1812 1313 1797 1388 1797 1388 1749 1392 1749
678 1024 652 1024 652 1084 592 1084 592 1085
543 783 584 783 584 871 652 871 652 872
1330 332 1330 243 1319 243 1319 212 1307 212
540 867 515 867 515 801 427 801 427 800
1839 163 1845 163 1845 165 1850 165 1850 167
1069 1476 1089 1476 1089 1446 1170 1446
126 86 126 181 154 181 154 214 165 214
490 664 466 664 466 630 381 630 381 618
464 788 468 788 468 775 579 775 579 770
568 359 568 349 558 349 558 319 503 319
1868 1742 1834 1742 1834 1811 1806 1811 1806 1825
2000 1965 2000 1966 1966 1966 1966 2021 1936 2021
1494 1796 1525 1796 1525 1690 1600 1690 1600 1672
804 1061 760 1061 760 1103 681 1103 681 1147
1927 1827 1927 1811 1851 1811 1851 1793 1846 1793
892 1348 879 1348 879 1314 874 1314 874 1244
2000 563 1999 563 1999 509 1872 509
1183 1101 1183 1102 1184 1102 1184 1127 1252 1127
2009 914 2004 914 2004 906 1995 906 1995 904
405 1158 406 1158 406 1159 408 1159 408 1194
417 1576 419 1576 419 1575 437 1575 437 1570
196 1024 137 1024 137 1014
1040 1655 1040 1573 1125 1573 1125 1537
1336 1191 1335 1191 1335 1214 1308 1214 1308 1255
1922 1436 1825 1436 1825 1456 1799 1456 1799 1531
1277 705 1349 705 1349 668 1390 668 1390 667
1392 646 1392 620 1288 620 1288 606 1281 606
384 1484 382 1484 382 1508 363 1508 363 1518
813 166 893 166 893 121 940 121 940 105
1793 533 1793 538 1837 538 1837 540 1910 540
907 1396 901 1396 901 1444 872 1444 872 1459
822 1624 881 1624 881 1588 934 1588 934 1546
1334 1980 1350 1980 1350 1986 1356 1986 1356 1995
1083 680 1105 680 1105 737 1133 737 1133 799
1509 1664 1508 1664 1508 1626 1484 1626 1484 1625
1482 1571 1482 1566 1505 1566 1505 1506 1535 1506
196 1019 196 962 248 962 248 931
1640 1077 1640 1129 1627 1129
1423 993 1448 993 1448 1000 1526 1000 1526 1016
1694 1573 1646 1573 1646 1530 1599 1530 1599 1515
30 1830 66 1830 66 1888 146 1888 146 1889
1498 456 1515 456 1515 428
1824 1434 1824 1507 1829 1507 1829 1532 1848 1532
45 1021 95 1021 95 997 100 997 100 972
863 1583 863 1580 877 1580 877 1503 895 1503
1394 1921 1270 1921 1270 1924
1178 1509 1178 1482 1175 1482 1175 1389 1071 1389
1939 1717 1925 1717 1925 1706 1905 1706 1905 1705
387 1849 386 1849 386 1774 325 1774 325 1773
1531 443 1531 427 1460 427 1460 372 1442 372
14 575 14 587 55 587 55 600 76 600
1525 196 1487 196 1487 218 1428 218
1511 1267 1511 1269 1535 1269 1535 1346 1582 1346
285 266 312 266 312 283 329 283 329 303
1176 1429 1176 1453 1177 1453 1177 1454 1181 1454
823 520 808 520 808 587 778 587 778 612
739 1145 739 1147 774 1147 774 1249 815 1249
1343 1855 1340 1855 1340 1899 1294 1899 1294 1900
1649 1595 1649 1602 1648 1602 1648 1608 1562 1608
766 219 757 219 757 172 701 172 701 115
1866 1544 1909 1544 1909 1600 1937 1600 1937 1601
1043 653 1051 653 1051 713 1059 713 1059 716
1248 176 1248 173 1185 173 1185 169 1163 169
1809 918 1809 926 1804 926 1804 929 1795 929
1597 359 1597 364 1563 364 1563 408 1537 408
1230 1012 1194 1012 1194 980 1136 980 1136 962
491 1642 490 1642 490 1639 488 1639 488 1613
21 407 25 407 25 331 28 331 28 323
1898 729 1898 731 1963 731 1963 737 1985 737
1023 333 1009 333 1009 356 1000 356 1000 446
261 1375 261 1461 250 1461 250 1492 247 1492
1243 704 1243 675 1218 675 1218 645 1191 645
1575 674 1479 674 1479 653
1198 1994 1197 1994 1197 1938 1112 1938 1112 1894
1695 1398 1695 1467 1694 1467 1694 1509
1826 1170 1826 1184 1862 1184 1862 1295 1922 1295
955 1683 959 1683 959 1640 970 1640 970 1601
406 200 405 200 405 177 286 177 286 153
934 1565 824 1565 824 1491
927 1667 924 1667 924 1643 922 1643 922 1589
205 87 205 78 86 78
2024 877 1973 877 1973 932
1347 1412 1278 1412 1278 1415 1235 1415
64 550 119 550 119 644 158 644 158 677
106 872 106 837 100 837 100 810 99 810
47 830 110 830 110 853 154 853 154 862
1875 1543 1875 1535 1949 1535 1949 1525 1961 1525
390 830 390 928 307 928 307 955 283 955
1677 502 1700 502 1700 427 1726 427
710 1583 706 1583 706 1581 682 1581 682 1578
791 2001 790 2001 790 1988 789 1988 789 1899
1789 291 1782 291 1782 221 1737 221 1737 220
1953 1299 1969 1299 1969 1229
90 133 50 133 50 50 15 50 15 21
1843 1698 1829 1698 1829 1610 1725 1610 1725 1602
1861 1293 1860 1293 1860 1301 1809 1301 1809 1310
856 81 832 81 832 130 761 130 761 131
848 684 848 744 898 744 898 805 950 805
1369 1252 1369 1274 1325 1274 1325 1282 1294 1282
1252 1273 1252 1267 1251 1267 1251 1262 1127 1262
386 1450 408 1450 408 1473 432 1473 432 1549
2017 257 2017 256 2023 256 2023 252 2029 252
818 669 887 669 887 676 904 676 904 680
173 1087 174 1087 174 1135 177 1135 177 1183
1685 904 1601 904 1601 850 1560 850 1560 798
664 582 664 502 666 502 666 476 692 476
1856 1656 1856 1629 1876 1629 1876 1550 1971 1550
320 411 299 411 299 432 231 432 231 484
494 1125 494 1139 493 1139 493 1151 381 1151
543 357 494 357 494 283 474 283 474 256
1937 988 1937 999 1936 999 1936 1009 1824 1009
2002 473 2010 473 2010 465 2041 465 2041 349
491 742 491 741 490 741 490 709 437 709
1239 1696 1239 1749 1278 1749 1278 1801 1310 1801
431 1323 426 1323 426 1354 421 1354 421 1399
2002 319 2002 280 1957 280 1957 200 1951 200
1041 1693 1048 1693 1048 1681 1051 1681 1051 1609
1477 728 1445 728 1445 612 1401 612
154 978 185 978 185 1020 254 1020 254 1071
424 68 458 68 458 63 550 63 550 52
70 451 68 451 68 431 66 431 66 369
528 467 515 467 515 526 443 526 443 527
1758 825 1758 811 1834 811 1834 769 1862 769
980 1185 980 1149 873 1149 873 1137
1032 721 1032 747 946 747
1577 2032 1623 2032 1623 1989 1654 1989 1654 1963
1232 760 1232 785 1170 785 1170 810 1121 810
1935 1093 1963 1093 1963 1006 1968 1006 1968 1004
1846 1905 1846 1919 1793 1919 1793 1950 1769 1950
507 1427 523 1427 523 1350 524 1350 524 1347
179 1804 179 1838 268 1838 268 1862
1837 478 1883 478 1883 397 1908 397 1908 368
1812 843 1765 843 1765 879 1711 879
490 1504 490 1518 590 1518 590 1533 602 1533
613 925 613 908 506 908 506 810 485 810
191 638 195 638 195 642 203 642 203 643
790 999 766 999 766 952 710 952 710 935
1527 44 1485 44 1485 54 1449 54 1449 66
504 1478 504 1492 513 1492 513 1512 569 1512
806 1361 806 1365 843 1365 843 1480 871 1480
846 632 846 628 845 628 845 619 735 619
1360 1613 1360 1614 1386 1614 1386 1681
1562 574 1562 594 1511 594 1511 664
1158 125 1145 125 1145 62 1141 62 1141 42
999 841 986 841 986 804 907 804 907 723
535 649 535 652 532 652 532 658
1415 1706 1415 1712 1421 1712 1421 1719 1524 1719
452 1896 448 1896 448 2008 362 2008 362 2020
365 1186 366 1186 366 1211 459 1211 459 1290
5 1663 36 1663 36 1703 50 1703 50 1704
1085 118 1082 118 1082 235 1049 235 1049 237
3 716 3 616 4 616 4 613 34 613
1843 1684 1844 1684 1844 1718 1930 1718 1930 1720
1941 709 1940 709 1940 755 1918 755 1918 807
1787 1676 1791 1676 1791 1686 1794 1686 1794 1779
648 844 640 844 640 785 636 785 636 758
1608 200 1568 200 1568 218 1493 218 1493 225
585 1875 654 1875 654 1967 673 1967
32 510 21 510 21 511 18 511
1126 1504 1125 1504 1125 1525 1021 1525 1021 1544
747 1029 669 1029 669 1027
2027 466 2027 537 2008 537 2008 562 2000 562
968 847 968 868 1002 868
1969 970 1969 968 1961 968 1961 935
1496 1905 1496 1883 1500 1883 1500 1872 1501 1872
62 1313 81 1313 81 1368
1476 1839 1522 1839 1522 1836 1571 1836 1571 1835
12 1160 12 1163 28 1163 28 1164 135 1164
1688 36 1688 35 1687 35 1687 12 1614 12
1619 1163 1622 1163 1622 1162 1627 1162 1627 1151
1268 1129 1282 1129 1282 1174 1343 1174 1343 1213
1517 1337 1476 1337 1476 1323 1392 1323 1392 1308
916 750 916 744 924 744 924 736 925 736
1892 899 1892 922 1784 922 1784 1020
1205 1898 1205 1937 1215 1937 1215 1980 1219 1980
32 1277 33 1277 33 1258 124 1258 124 1223
1038 360 1069 360 1069 384 1129 384 1129 410
554 38 554 90 467 90
60 1581 60 1567 81 1567 81 1546 90 1546
149 226 148 226 148 189 119 189 119 123
583 793 509 793 509 794
1376 512 1408 512 1408 538
1090 355 1015 355 1015 359 984 359 984 375
621 1524 671 1524 671 1497 693 1497 693 1407
1144 1690 1144 1711 1189 1711 1189 1793 1216 1793
1717 1398 1717 1402 1639 1402 1639 1413 1615 1413
1146 1783 1154 1783 1154 1781 1273 1781
405 1588 408 1588 408 1595 410 1595 410 1601
177 1632 223 1632 223 1678 261 1678 261 1698
1167 122 1259 122 1259 121 1274 121 1274 119
746 1686 747 1686 747 1713 769 1713 769 1755
1079 895 1075 895 1075 899 1071 899 1071 902
1909 1268 1923 1268 1923 1300 1983 1300 1983 1334
929 473 931 473 931 425
698 639 699 639 699 659 764 659 764 697
513 1611 513 1610 514 1610 514 1566 603 1566
1132 371 1132 369 1255 369 1255 357
136 1897 140 1897 140 1961 147 1961 147 1991
389 19 382 19 382 73 338 73 338 116
511 1154 511 1146 534 1146 534 1138 613 1138
400 86 399 86 399 205 329 205 329 206
1796 918 1796 917 1878 917 1878 823 1879 823
453 399 424 399 424 383 419 383 419 323
1801 526 1821 526 1821 605 1840 605 1840 634
150 564 200 564 200 497
1360 1922 1359 1922 1359 2007 1312 2007 1312 2008
703 1482 703 1484 722 1484 722 1491 737 1491
802 1805 802 1795 787 1795 787 1762 775 1762
33 1769 70 1769 70 1871 124 1871
272 1570 255 1570 255 1591 180 1591 180 1599
252 1129 252 1130 251 1130 251 1157 210 1157
1915 583 1915 582 1823 582 1823 551
63 715 66 715 66 792
257 629 264 629 264 741 268 741 268 748
1555 368 1555 386 1556 386 1556 455 1564 455
758 96 758 65 691 65 691 48 679 48
154 84 154 100 182 100 182 201 220 201
740 1591 739 1591 739 1565 738 1565 738 1498
1517 462 1472 462 1472 503 1455 503 1455 510
215 963 277 963 277 978 299 978 299 1028
1669 673 1666 673 1666 698 1660 698 1660 736
1010 157 1016 157 1016 215
505 1902 505 1951 488 1951 488 2003 484 2003
600 202 599 202 599 142 488 142 488 117
1979 98 1979 64 1914 64 1914 37 1896 37
1526 544 1552 544 1552 578 1561 578 1561 592
1984 162 1930 162 1930 176 1920 176 1920 189
996 1090 1011 1090 1011 1074 1028 1074 1028 1067
1649 938 1543 938 1543 898 1524 898 1524 897
1869 1092 1870 1092 1870 1068 1874 1068 1874 1051
343 1987 343 1968 287 1968 287 1907 281 1907
1041 834 1041 833 1027 833 1027 832 987 832
253 901 253 881 205 881 205 818 194 818
668 160 668 258 640 258
441 1073 349 1073 349 994 347 994 347 993
1446 478 1398 478 1398 404 1354 404 1354 403
1732 955 1713 955 1713 915
13 1926 13 1975 14 1975 14 2024 87 2024
1196 1395 1130 1395 1130 1401 1068 1401 1068 1463
725 173 695 173 695 174 682 174 682 177
1045 540 1056 540 1056 541
1305 748 1339 748 1339 765 1386 765 1386 784
1799 1102 1798 1102 1798 1068 1797 1068 1797 1051
591 474 591 449 682 449 682 440 714 440
260 542 285 542 285 489 300 489 300 430
1472 1933 1472 1951 1441 1951 1441 2001 1421 2001
1965 1613 1908 1613 1908 1584 1889 1584 1889 1552
733 46 664 46 664 148 637 148 637 149
1111 1174 1088 1174 1088 1190 1083 1190 1083 1252
514 1206 503 1206 503 1292 429 1292 429 1293
1982 347 1987 347 1987 286 1997 286 1997 260
1022 1404 1023 1404 1023 1376 1093 1376 1093 1348
1504 1537 1504 1448 1376 1448
1697 1905 1778 1905 1778 1908
576 755 575 755 575 700 525 700 525 685
1530 196 1530 207 1492 207 1492 255
1921 1727 1923 1727 1923 1758 1936 1758 1936 1767
792 481 792 425 762 425 762 357 730 357
1113 694 1150 694 1150 644 1231 644 1231 635
1694 984 1699 984 1699 903 1792 903 1792 886
1319 859 1330 859 1330 890 1343 890 1343 903
1424 81 1424 95 1401 95 1401 109 1312 109
1709 1527 1710 1527 1710 1532 1827 1532 1827 1535
1787 1203 1787 1244 1799 1244
541 1906 541 1905 625 1905 625 1903 653 1903
1661 1105 1661 1076 1634 1076 1634 980 1559 980
1009 1986 959 1986 959 1902
373 251 415 251 415 169 466 169
376 722 376 714 372 714 372 706 349 706
603 1158 595 1158 595 1130 588 1130 588 1117
1337 2034 1369 2034 1369 2038 1375 2038
1518 1192 1514 1192 1514 1224 1513 1224 1513 1298
1193 1748 1217 1748 1217 1794 1261 1794 1261 1795
567 1776 558 1776 558 1768 547 1768 547 1734
649 1018 649 930 656 930 656 907 703 907
1121 526 1078 526 1078 532 1070 532 1070 556
764 801 766 801 766 805 793 805 793 813
111 198 99 198 99 197 16 197 16 196
523 1182 502 1182 502 1219 441 1219 441 1269
985 141 985 168 984 168 984 229 963 229
828 294 944 294 944 399 947 399
1056 1243 1056 1173 1096 1173 1096 1152 1161 1152
1052 1058 1080 1058 1080 1021 1145 1021
508 1793 519 1793 519 1881
655 1376 654 1376 654 1414 535 1414 535 1458
1035 1502 1035 1483 1034 1483 1034 1423
198 1296 198 1304 213 1304 213 1312 272 1312
921 1370 921 1429 821 1429 821 1460 804 1460
1462 1555 1458 1555 1458 1653 1456 1653 1456 1665
237 1876 237 1840 278 1840 278 1803 314 1803
1028 36 1027 36 1027 84 935 84 935 116
204 290 236 290 236 288 270 288 270 279
1396 146 1396 137 1427 137 1427 107 1437 107
470 192 470 207 588 207 588 271
1630 636 1630 683 1586 683 1586 700 1584 700
1335 1916 1341 1916 1341 1859 1413 1859
557 376 575 376 575 319 633 319 633 318
580 280 573 280 573 353 495 353
943 377 943 379 899 379 899 491 893 491
386 1321 396 1321 396 1339 479 1339 479 1344
1473 1300 1473 1385 1425 1385 1425 1414 1374 1414
1619 757 1619 810 1588 810 1588 813 1569 813
838 1241 838 1271 789 1271 789 1342
1320 1580 1278 1580 1278 1650 1268 1650 1268 1652
527 906 593 906 593 894 596 894 596 879
976 485 976 475 910 475 910 445
1816 1670 1745 1670 1745 1720 1702 1720 1702 1721
1474 317 1462 317 1462 321 1451 321 1451 332
134 2008 134 1992 117 1992 117 1975 101 1975
536 384 536 456 644 456 644 463
1570 636 1570 658 1494 658 1494 731 1473 731
651 1353 652 1353 652 1371 728 1371 728 1389
659 381 659 439 577 439 577 498 545 498
1304 679 1304 608 1365 608 1365 560 1370 560
1937 454 1898 454 1898 457 1828 457 1828 459
778 1120 864 1120 864 1088 879 1088 879 1087
1068 1919 1077 1919 1077 1967 1105 1967
1242 168 1210 168 1210 141 1198 141 1198 127
564 1780 490 1780 490 1682 474 1682 474 1681
2021 342 2021 415 1911 415
1637 167 1637 181 1691 181 1691 221 1698 221
1761 1837 1759 1837 1759 1869 1698 1869 1698 1925
1555 364 1523 364 1523 378 1522 378 1522 385
1299 1407 1302 1407 1302 1288
0 298 5 298 5 374
2012 1169 1998 1169 1998 1222 1922 1222 1922 1230
51 129 51 116 150 116 150 112 151 112
1699 1122 1699 1128 1740 1128 1740 1146 1758 1146
1181 21 1217 21
869 1984 919 1984 919 1993 946 1993 946 2025
1901 925 1860 925 1860 910 1776 910 1776 905
177 878 167 878 167 850 122 850 122 799
1602 30 1601 30 1601 67 1570 67 1570 116
916 433 916 440 917 440 917 462 934 462
1878 54 1843 54 1843 120 1834 120 1834 122
565 1701 572 1701 572 1750
1397 1046 1397 990 1293 990 1293 950
1021 204 1021 126 1045 126
169 1261 170 1261 170 1358 287 1358
1167 306 1211 306 1211 390 1216 390 1216 392
1877 891 1877 842 1786 842 1786 804 1752 804
1251 529 1251 562 1290 562 1290 594 1371 594
1674 23 1674 15 1613 15 1613 6 1606 6
1564 1973 1549 1973 1549 1978 1542 1978 1542 2001
274 1661 330 1661 330 1632 374 1632 374 1541
1535 473 1475 473 1475 567 1431 567
1056 393 1056 428 1042 428 1042 441 1038 441
1949 568 1949 566 1856 566 1856 563 1824 563
1329 1225 1330 1225 1330 1287 1453 1287 1453 1350
1783 1382 1784 1382 1784 1320 1868 1320 1868 1302
134 857 134 856 192 856 192 801 232 801
1975 603 1975 608 1974 608 1974 612 1849 612
1395 991 1335 991 1335 1081 1308 1081 1308 1098
1859 852 1859 857 1798 857
187 845 190 845 190 753 311 753 311 740
1399 95 1376 95 1376 98 1331 98 1331 100
1215 1557 1178 1557 1178 1532 1120 1532 1120 1531
873 598 873 606 830 606 830 689 829 689
1511 1334 1562 1334 1562 1328 1568 1328 1568 1304
1157 464 1157 499 1188 499 1188 512 1190 512
1742 2003 1742 1997 1698 1997 1698 1978 1697 1978
1590 1393 1590 1407 1474 1407 1474 1421
728 1744 728 1751 815 1751 815 1827 852 1827
1276 1162 1276 1141 1326 1141 1326 1100 1389 1100
1511 304 1511 345 1513 345 1513 392 1519 392
1832 1731 1880 1731 1880 1793 1893 1793 1893 1859
1117 1434 1132 1434 1132 1425 1179 1425
1322 1399 1368 1399 1368 1305 1398 1305
422 1512 418 1512 418 1520 399 1520 399 1530
1992 1682 2004 1682 2004 1597 2010 1597
1171 371 1160 371 1160 381 1158 381 1158 433
1940 961 1940 1055 1897 1055 1897 1067 1886 1067
1562 47 1562 57 1475 57
152 1875 152 1890 96 1890
1344 1650 1344 1653 1420 1653 1420 1673 1457 1673
846 1214 846 1215 825 1215 825 1226 722 1226
2002 1564 2002 1512 1944 1512
1402 1292 1296 1292 1296 1294
33 2003 33 1974 125 1974 125 1926 136 1926
668 482 694 482 694 501 719 501 719 522
1410 1154 1410 1135 1409 1135 1409 1125
786 551 786 506 901 506 901 434 903 434
1026 1524 1095 1524 1095 1402 1131 1402 1131 1401
612 639 612 607 660 607 660 588 686 588
899 204 906 204 906 242
1104 366 1153 366 1153 330 1176 330 1176 316
1196 1311 1196 1256 1232 1256 1232 1199 1244 1199
238 437 282 437 282 451 292 451 292 501
797 687 797 659 804 659 804 627 807 627
234 1011 255 1011 255 1058 262 1058 262 1111
1966 633 2014 633 2014 671 2028 671 2028 713
295 871 295 838 206 838 206 822
1370 319 1370 346 1300 346 1300 356 1285 356
1913 765 1955 765 1955 728 1980 728 1980 656
878 814 901 814 901 840 908 840 908 871
1388 1095 1387 1095 1387 1051 1357 1051 1357 1045
696 632 665 632 665 745 660 745 660 748
530 711 530 701 536 701
613 95 613 133 669 133 669 172 692 172
136 220 79 220 79 225 13 225 13 243
16 1293 16 1297 82 1297 82 1316 120 1316
2038 880 2038 856 2013 856 2013 767 1987 767
761 1101 761 1058 792 1058 792 981 824 981
1623 185 1624 185 1624 166 1670 166 1670 148
638 261 638 290 606 290 606 378 519 378
345 1675 397 1675 397 1672 430 1672
255 1866 255 1842 322 1842 322 1769 366 1769
1884 459 1893 459 1893 469 1958 469 1958 502
861 1823 913 1823 913 1866 944 1866 944 1867
1062 1124 1062 1148 1086 1148 1086 1224 1105 1224
765 1258 765 1204 764 1204 764 1149 740 1149
1717 222 1717 230 1772 230 1772 257 1778 257
1134 1158 1134 1234 1151 1234 1151 1260 1180 1260
750 265 743 265 743 260 732 260 732 257
1294 964 1294 909 1284 909 1284 853 1261 853
1573 1742 1573 1733 1576 1733 1576 1695 1580 1695
534 206 534 143 463 143
907 1467 876 1467 876 1545
552 1184 552 1159 579 1159 579 1153 621 1153
1414 410 1415 410 1415 477 1458 477 1458 536
1090 1400 1063 1400 1063 1425 1007 1425 1007 1484
1892 1908 1892 1904 1891 1904 1891 1896 1839 1896
916 290 931 290 931 244 966 244 966 230
1882 428 1882 416 1867 416 1867 403 1855 403
906 343 906 352 874 352 874 469 805 469
604 1700 571 1700 571 1805 532 1805 532 1806
352 1883 387 1883 387 1919 433 1919 433 1920
1053 875 1053 931 1057 931 1057 950 1087 950
711 1323 751 1323 751 1276
1407 1132 1406 1132 1406 1142 1292 1142 1292 1173
174 1542 174 1546 221 1546 221 1557
1038 1551 954 1551 954 1582 944 1582 944 1632
1214 1594 1204 1594 1204 1709 1145 1709 1145 1710
1825 1761 1826 1761 1826 1741 1837 1741 1837 1736
374 248 407 248 407 189 414 189 414 187
572 53 572 112 462 112 462 167 449 167
1073 1492 1051 1492 1051 1482
1544 1184 1544 1191 1548 1191 1548 1211 1643 1211
1442 560 1444 560 1444 550 1449 550 1449 532
1099 1008 1170 1008 1170 981
496 1290 496 1291 382 1291 382 1411
974 1499 858 1499 858 1553 853 1553 853 1572
1833 897 1948 897 1948 927
383 171 360 171 360 153 348 153 348 145
1925 1176 1875 1176 1875 1160
466 1975 466 1969 427 1969 427 1962 411 1962
1712 1423 1712 1409 1753 1409 1753 1366 1799 1366
1891 130 1891 172 1892 172 1892 186 1917 186
274 1434 276 1434 276 1365 284 1365 284 1332
686 103 717 103 717 136 718 136 718 150
1926 1319 1921 1319 1921 1348
947 1317 947 1316 935 1316 935 1288 840 1288
1102 1880 1095 1880 1095 1872 1094 1872 1094 1855
794 1884 754 1884 754 1843 708 1843
1805 647 1785 647 1785 535 1709 535 1709 534
23 629 27 629 27 698 141 698 141 705
503 51 577 51 577 66 580 66 580 73
640 1633 637 1633 637 1611 567 1611 567 1588
1373 729 1421 729 1421 692 1434 692 1434 651
1692 1555 1692 1548 1664 1548 1664 1505 1646 1505
1933 1621 1933 1616 1966 1616 1966 1611 1985 1611
1357 665 1415 665 1415 710
947 1011 952 1011 952 1091 1067 1091 1067 1096
589 1080 589 1066 616 1066 616 1061 666 1061
1498 1445 1498 1419 1548 1419 1548 1382
1176 241 1176 201 1162 201 1162 150 1156 150
148 1494 145 1494 145 1564 140 1564 140 1601
1478 9 1478 37 1448 37 1448 126 1444 126
756 710 753 710 753 732 746 732 746 743
1073 1885 1073 1811 1096 1811 1096 1768
1810 234 1810 260 1792 260 1792 338 1729 338
1645 101 1614 101 1614 40 1606 40 1606 17
1919 1390 1964 1390 1964 1348 2018 1348 2018 1347
282 307 205 307 205 348 159 348
1171 89 1171 145 1126 145 1126 213 1103 213
1793 1454 1793 1387 1770 1387 1770 1364 1739 1364
102 814 191 814 191 777 211 777 211 763
681 538 658 538 658 582 577 582 577 597
185 1889 232 1889 232 2012 313 2012
1989 1550 1988 1550 1988 1530 1956 1530 1956 1521
557 662 559 662 559 606 659 606 659 570
92 469 95 469 95 415 212 415 212 361
1194 1134 1183 1134 1183 1110 1095 1110 1095 1037
1698 928 1610 928 1610 926 1583 926 1583 919
1195 1011 1266 1011 1266 1019 1321 1019 1321 1023
623 1291 605 1291 605 1300 555 1300 555 1304
48 1441 159 1441 159 1547
255 1507 246 1507 246 1456 166 1456 166 1438
567 436 607 436 607 337 615 337
546 533 546 535 522 535 522 536 483 536
1742 1661 1696 1661 1696 1669 1692 1669 1692 1700
1560 1969 1486 1969 1486 1970 1442 1970
592 1882 497 1882 497 1911 479 1911 479 1943
861 684 874 684 874 572 925 572
843 1498 836 1498 836 1444 832 1444 832 1370
1969 801 1969 856 1891 856 1891 921 1861 921
1720 575 1665 575 1665 568 1630 568 1630 559
587 670 504 670 504 566 462 566 462 565
28 1335 28 1316 34 1316 34 1259 107 1259
987 623 980 623 980 633 945 633 945 668
711 1536 717 1536 717 1497 799 1497 799 1439
1975 851 1988 851 1988 866 1990 866 1990 868
1466 1190 1466 1077 1454 1077
197 1464 219 1464 219 1508 253 1508 253 1568
386 1904 372 1904 372 1974 371 1974 371 2005
442 144 333 144 333 105
617 1753 602 1753 602 1774 591 1774 591 1854
479 490 442 490 442 558 412 558 412 600
677 1673 636 1673 636 1783 616 1783 616 1785
1209 113 1219 113 1219 169 1233 169 1233 191
401 1088 403 1088 403 1004 419 1004 419 1001
1481 1507 1480 1507 1480 1488 1380 1488 1380 1434
1097 1256 1047 1256 1047 1245 988 1245 988 1163
1174 813 1084 813 1084 866 1074 866 1074 885
1650 1167 1597 1167 1597 1206 1564 1206 1564 1248
867 286 867 275 870 275 870 265 875 265
1841 1578 1841 1635 1842 1635 1842 1678 1875 1678
57 456 57 455 56 455 56 423 48 423
396 434 398 434 398 395 400 395 400 361
1819 1143 1769 1143 1769 1144 1729 1144 1729 1150
1666 809 1622 809 1622 741 1591 741 1591 716
1742 1236 1744 1236 1744 1237 1746 1237
785 803 785 715 831 715 831 687 836 687
1377 1910 1424 1910 1424 1785 1432 1785 1432 1783
351 667 330 667 330 631 305 631 305 617
1075 120 1064 120 1064 141 999 141 999 149
1239 2043 1146 2043 1146 2026 1140 2026 1140 1969
64 694 64 643 91 643 91 613
290 825 290 822 355 822 355 818 379 818
688 226 688 199 684 199 684 190 626 190
1730 990 1730 1081 1786 1081 1786 1111 1850 1111
340 236 350 236 350 213 400 213 400 163
1818 9 1819 9 1819 130 1860 130 1860 131
603 1634 603 1606 584 1606 584 1524 574 1524
1177 1077 1184 1077 1184 1031 1206 1031 1206 1013
2005 831 2005 820 2009 820 2009 808 2017 808
1088 1065 1089 1065 1089 1111 1095 1111 1095 1157
1886 1397 1886 1428 1932 1428 1932 1459 1949 1459
1871 122 1866 122 1866 67 1860 67 1860 41
207 219 207 256 282 256 282 293 301 293
1735 1885 1735 1926 1696 1926 1696 2013 1687 2013
695 102 701 102 701 69
1835 362 1835 396 1884 396 1884 431 1908 431
1703 1849 1703 1857
1038 381 1038 434 967 434 967 443
1608 230 1592 230 1592 290 1550 290 1550 312
275 1722 279 1722 279 1714 298 1714 298 1704
685 1740 638 1740 638 1764 580 1764 580 1770
616 1098 630 1098 630 1082 647 1082 647 1023
304 465 241 465 241 537
2047 728 2047 632 2046 632 2046 601 1985 601
959 1480 1006 1480 1006 1362 1022 1362
327 735 401 735 401 645 430 645 430 644
522 1742 522 1752 580 1752 580 1756 617 1756
741 1729 741 1756 788 1756 788 1773 797 1773
1 1876 38 1876 38 1857 61 1857 61 1849
1095 86 1095 109 1105 109 1105 185 1117 185
1517 1817 1584 1817 1584 1931
213 1652 226 1652 226 1656
1084 497 1131 497 1131 556 1152 556 1152 580
2018 1839 1997 1839 1997 1886 1928 1886 1928 1887
1743 1199 1738 1199 1738 1249 1669 1249 1669 1267
1664 545 1769 545 1769 550 1772 550 1772 557
1178 294 1136 294 1136 236 1051 236 1051 167
101 1710 101 1692 93 1692 93 1671 91 1671
1239 23 1239 59 1169 59 1169 144
351 1603 390 1603 390 1624 391 1624 391 1649
1649 412 1649 470 1560 470 1560 501 1524 501
721 1351 690 1351 690 1342 651 1342 651 1341
1853 1286 1854 1286 1854 1226 1912 1226 1912 1214
604 76 617 76 617 99 654 99 654 100
1995 953 2023 953 2023 936 2035 936
1929 280 1916 280 1916 384 1910 384 1910 388
1231 1228 1231 1151 1133 1151 1133 1117
1612 955 1635 955 1635 1044 1661 1044 1661 1070
613 737 650 737 650 812
834 752 834 733 837 733 837 674 869 674
1085 817 1152 817 1152 869 1211 869 1211 887
1529 100 1486 100 1486 214 1451 214
742 1050 805 1050 805 1066 863 1066 863 1117
52 328 40 328 40 211 26 211
291 1335 291 1400 334 1400
1574 554 1574 560 1476 560 1476 565
1584 929 1582 929 1582 912 1536 912 1536 908
1839 1321 1840 1321 1840 1358 1966 1358 1966 1426
824 1443 823 1443 823 1492 716 1492 716 1517
584 46 584 68 583 68 583 134 535 134
333 772 320 772 320 710 316 710 316 684
1281 1215 1281 1206 1271 1206 1271 1203 1258 1203
1847 373 1847 367 1931 367 1931 246 1970 246
757 709 744 709 744 725 710 725 710 790
1308 39 1308 47 1309 47 1309 66 1404 66
57 216 43 216 43 106 34 106 34 103
1713 369 1713 307 1688 307 1688 243 1681 243
589 1737 589 1863 710 1863
1956 602 1956 593 1957 593 1957 529
948 177 948 166 980 166 980 133 1039 133
373 1396 336 1396 336 1377 281 1377 281 1376
1388 1530 1342 1530 1342 1461 1290 1461 1290 1460
825 1484 828 1484 828 1504 840 1504 840 1513
1022 1265 1022 1302 1023 1302 1023 1339 1085 1339
1824 333 1824 415 1828 415 1828 442 1949 442
1836 984 1849 984 1849 950 1933 950 1933 916
1096 598 1099 598 1099 576 1103 576 1103 563
912 1862 912 1876 911 1876 911 1974 834 1974
1833 791 1754 791 1754 739 1706 739 1706 684
954 1615 954 1614 955 1614 955 1555 1043 1555
791 404 791 403 781 403 781 400 763 400
1338 2002 1343 2002 1343 1993 1345 1993 1345 1907
303 91 319 91 319 147 395 147 395 167
2029 286 2029 330 1917 330 1917 347
713 1814 729 1814 729 1717 777 1717
303 790 303 670 342 670 342 663 405 663
742 1230 742 1228 717 1228 717 1219 716 1219
1311 1128 1311 1096 1361 1096 1361 1052 1367 1052
1780 515 1708 515 1708 548 1666 548 1666 567
1944 587 1944 575 1940 575 1940 504 1875 504
837 1476 837 1466 932 1466 932 1374
1256 498 1323 498 1323 487 1325 487 1325 448
1511 697 1540 697 1540 716 1585 716 1585 717
1822 1522 1822 1582 1757 1582 1757 1603 1737 1603
1787 437 1788 437 1788 466 1859 466 1859 468
1249 529 1235 529 1235 496 1184 496 1184 460
181 116 167 116 167 136 135 136 135 137
1360 1789 1347 1789 1347 1747 1232 1747 1232 1732
1372 1471 1372 1512 1244 1512
639 2 582 2 582 89 561 89 561 90
1142 1676 1141 1676 1141 1756 1017 1756 1017 1780
243 204 206 204 206 254 152 254
1948 149 1845 149 1845 122 1844 122 1844 76
1475 1420 1502 1420 1502 1423 1601 1423 1601 1427
1994 1990 2011 1990 2011 2009 2016 2009 2016 2018
1541 1397 1499 1397 1499 1405
1757 2019 1836 2019 1836 2022
946 263 946 324 947 324 947 344
1776 1069 1776 959 1799 959 1799 956 1848 956
403 1613 403 1614 402 1614 402 1619 315 1619
963 1911 1074 1911 1074 1813 1077 1813 1077 1812
1156 178 1249 178 1249 176 1264 176 1264 174
1400 179 1396 179 1396 180 1366 180 1366 181
2 860 2 888 4 888 4 916 9 916
294 1136 294 1226 179 1226
1944 152 1944 194 1958 194 1958 237 1985 237
1665 1047 1665 1046 1664 1046 1664 1043 1661 1043
1110 1803 1109 1803 1109 1742 1024 1742 1024 1679
1274 865 1251 865 1251 872 1182 872 1182 978
1456 795 1456 753 1367 753 1367 669 1356 669
1148 1661 1148 1589 1275 1589
833 1684 833 1657 818 1657
925 1650 945 1650 945 1632 964 1632 964 1625
1978 62 1978 86 1960 86 1960 105 1897 105
1966 1288 1937 1288 1937 1267 1875 1267 1875 1196
1341 1802 1420 1802 1420 1817 1423 1817 1423 1866
1395 1913 1387 1913 1387 2039 1337 2039
211 282 203 282 203 363 197 363
1202 303 1239 303 1239 324 1240 324 1240 383
895 1822 900 1822 900 1830 901 1830 901 1943
686 2025 724 2025 724 2012
600 867 600 861 714 861 714 740 716 740
1877 479 1876 479 1876 464 1803 464 1803 437
1936 363 1936 389 1837 389 1837 450
952 385 952 400 900 400 900 503 895 503
905 995 953 995 953 1080 993 1080 993 1081
1079 1267 1181 1267
1436 1820 1436 1814 1309 1814 1309 1809
1027 1187 968 1187 968 1161 967 1161 967 1150
1576 1332 1627 1332 1627 1295 1670 1295 1670 1281
1517 394 1537 394 1537 402 1564 402
1190 215 1190 205 1189 205 1189 174 1166 174
633 1003 633 1005 721 1005 721 1013 736 1013
1873 1421 1872 1421 1872 1437 1827 1437 1827 1490
226 356 226 334 154 334 154 302 132 302
457 608 457 556 411 556 411 480 351 480
668 1148 668 1181 684 1181 684 1215 695 1215
1287 352 1287 333 1278 333 1278 272 1259 272
1998 1551 1997 1551 1997 1622 1915 1622 1915 1631
223 1243 221 1243 221 1354
1848 2026 1848 2032 1847 2032 1847 2045 1736 2045
549 1491 574 1491 574 1477 610 1477 610 1476
1963 1366 1963 1383 1927 1383 1927 1385 1909 1385
63 287 63 330 65 330 65 350 66 350
1169 1073 1168 1073 1168 993 1130 993 1130 949
94 851 94 861 93 861 93 956 90 956
1525 1154 1525 1028 1400 1028 1400 1027
1921 615 1921 595 1925 595 1925 522 1928 522
871 149 882 149 882 128 892 128 892 102
1609 310 1574 310 1574 239 1569 239 1569 203
493 309 463 309 463 432 432 432 432 434
1153 476 1153 447 1183 447
1005 1412 991 1412 991 1342 921 1342 921 1317
1339 1136 1340 1136 1340 1103 1446 1103 1446 1042
1062 835 1068 835 1068 908 1157 908 1157 946
1434 1140 1434 1153 1427 1153 1427 1196 1414 1196
358 1351 379 1351 379 1286 395 1286 395 1261
1239 1907 1236 1907 1236 1947 1228 1947 1228 2002
186 750 102 750 102 736 100 736 100 687
105 123 110 123 110 63 163 63 163 62
1947 633 1949 633 1949 648 1971 648 1971 709
1278 80 1278 172 1308 172 1308 204 1318 204
222 855 222 854 227 854 227 851 237 851
1854 502 1854 510 1934 510 1934 581
1322 496 1322 495 1226 495 1226 370
1713 684 1755 684 1755 775 1768 775 1768 777
1512 282 1510 282 1510 322 1462 322 1462 365
575 454 575 438 644 438 644 389
1294 753 1293 753 1293 741 1281 741 1281 725
126 1747 126 1757 194 1757 194 1837 227 1837
1574 1900 1535 1900 1535 1912
1345 32 1353 32 1353 77 1381 77 1381 94
314 302 281 302 281 265 213 265
2031 1049 1960 1049 1960 1050 1933 1050 1933 1053
1217 810 1217 814 1105 814 1105 853
431 30 431 36 387 36 387 139 355 139
785 299 783 299 783 306 781 306 781 330
391 421 391 458 497 458 497 532
1380 223 1365 223 1365 233 1259 233 1259 244
2026 489 2026 503 1951 503 1951 608 1927 608
792 676 792 675 791 675 791 622 678 622
415 1678 381 1678 381 1662 360 1662 360 1655
1374 1961 1381 1961 1381 1912 1479 1912 1479 1900
391 206 337 206 337 250 274 250
192 435 161 435 161 357 122 357 122 351
409 1145 409 1122 365 1122 365 1099 350 1099
823 914 823 842 771 842 771 800 748 800
1908 1549 1872 1549 1872 1545 1851 1545 1851 1539
1299 1812 1299 1802 1311 1802 1311 1792 1358 1792
1944 303 1933 303 1933 264 1824 264 1824 244
1129 1803 1129 1781 1105 1781 1105 1759 1026 1759
867 1581 867 1599 875 1599 875 1658 886 1658
1305 117 1308 117 1308 136 1311 136 1311 173
165 1039 271 1039 271 1056 288 1056 288 1080
691 115 691 126 744 126 744 138 768 138
366 216 366 241 367 241 367 249 403 249
892 262 912 262 912 146 978 146
699 1564 699 1558 670 1558 670 1439 642 1439
977 1527 981 1527 981 1567 993 1567 993 1617
556 1834 574 1834 574 1802 674 1802 674 1746
876 1241 876 1276 936 1276 936 1311 967 1311
735 1165 736 1165 736 1119 830 1119 830 1082
1451 958 1494 958 1494 851 1563 851
1424 164 1425 164 1425 194 1541 194 1541 197
313 166 244 166 244 140 224 140 224 111
1853 550 1805 550 1805 604 1786 604 1786 624
861 1159 862 1159 862 1154 985 1154 985 1149
1415 230 1488 230 1488 205 1529 205 1529 161
1639 1368 1654 1368 1654 1385 1675 1385 1675 1446
1887 1916 1887 1904 1805 1904 1805 1804 1762 1804
1560 1677 1561 1677 1561 1607 1598 1607 1598 1565
595 1326 595 1372 621 1372 621 1376 622 1376
322 829 289 829 289 797 240 797 240 728
1827 576 1941 576
513 2021 513 1966 489 1966
1822 1932 1822 2006 1756 2006 1756 2031 1736 2031
984 1542 984 1537 974 1537 974 1520 947 1520
2047 1322 2045 1322 2045 1237
85 504 85 501 115 501 115 416 146 416
1916 118 1919 118 1919 110 1920 110 1920 65
1664 455 1664 580 1710 580
1651 409 1612 409 1612 495
431 1957 434 1957 434 1958 463 1958 463 1959
1566 1123 1523 1123 1523 1095 1454 1095 1454 1094
1832 220 1832 261 1930 261
764 1712 820 1712 820 1780 835 1780 835 1783
1934 299 1934 290 1962 290 1962 281 2020 281
1173 202 1173 253 1182 253
631 1435 576 1435 576 1466
135 1210 114 1210 114 1193 112 1193 112 1171
1179 1317 1259 1317 1259 1261 1292 1261 1292 1241
636 1644 641 1644 641 1581 673 1581 673 1580
1834 293 1823 293 1823 339 1818 339 1818 376
1198 1512 1198 1520 1200 1520 1200 1541 1280 1541
504 1253 569 1253 569 1249 599 1249 599 1233
1472 1145 1472 1104 1394 1104 1394 1049 1375 1049
1857 820 1922 820 1922 778 1962 778 1962 733
1246 1280 1258 1280 1258 1227 1297 1227 1297 1226
1236 748 1242 748 1242 853 1243 853 1243 864
83 1968 92 1968 92 2007 121 2007 121 2022
1836 131 1836 184 1837 184 1837 237 1891 237
516 1166 523 1166 523 1230 524 1230 524 1236
1181 562 1180 562 1180 543 1143 543 1143 517
889 404 865 404 865 334 806 334
949 787 949 791 1002 791 1002 803 1051 803
173 1459 173 1520 166 1520 166 1564
50 948 89 948 89 985
1623 1051 1623 1071 1674 1071 1674 1165 1734 1165
1973 1800 1937 1800 1937 1868 1860 1868 1860 1890
116 1001 116 1008 117 1008 117 1028 171 1028
1546 1499 1594 1499 1594 1454 1640 1454 1640 1406
1816 94 1816 70 1788 70 1788 61 1780 61
1026 1879 1022 1879 1022 1934 978 1934 978 1935
1607 427 1607 414 1571 414 1571 377 1520 377
178 96 178 89 187 89 187 81 195 81
1387 1099 1390 1099 1390 1161 1413 1161 1413 1184
396 1040 402 1040 402 1002
1763 1915 1779 1915 1779 1892 1878 1892 1878 1885
265 346 265 357 211 357 211 387 162 387
1873 8 1872 8 1872 132 1855 132 1855 133
1994 1588 1987 1588 1987 1549 1918 1549 1918 1536
1362 1128 1389 1128 1389 1155 1490 1155 1490 1170
1221 218 1221 195 1243 195 1243 119 1247 119
299 182 299 232 349 232
1131 1915 1131 1865 1133 1865 1133 1796 1136 1796
1810 1656 1823 1656 1823 1719 1920 1719 1920 1735
1952 712 1952 740 1879 740 1879 745
152 410 152 372 149 372 149 358 144 358
470 770 542 770 542 756 549 756 549 707
1144 729 1144 718 1108 718 1108 684 1060 684
1501 2027 1585 2027 1585 1931 1601 1931 1601 1930
503 1097 503 1096 460 1096 460 1093 390 1093
1908 1250 1908 1276 1868 1276 1868 1285 1792 1285
268 264 268 238 269 238 269 232
1659 257 1659 258 1670 258 1670 300 1760 300
548 600 548 599 579 599 579 596 633 596
638 1716 637 1716 637 1828
1198 286 1198 304 1212 304 1212 357 1254 357
815 28 815 30 859 30 859 83 867 83
1330 1703 1368 1703 1368 1701 1433 1701
726 75 712 75 712 92
1744 1183 1779 1183 1779 1179 1817 1179 1817 1178
1341 1210 1306 1210 1306 1231 1270 1231 1270 1299
590 1041 590 1071 618 1071 618 1087 627 1087
242 1734 184 1734 184 1676 152 1676 152 1675
956 748 956 755 1013 755 1013 842
53 1975 53 1985 48 1985 48 2035 47 2035
104 481 104 535 190 535 190 577 204 577
417 2022 462 2022 462 1908
396 828 408 828 408 904 413 904 413 936
1126 1338 1133 1338 1133 1316 1221 1316 1221 1281
1197 509 1198 509 1198 483 1204 483 1204 468
814 1769 814 1806 794 1806 794 1812 756 1812
1389 659 1368 659 1368 658 1303 658
866 382 867 382 867 339 940 339 940 324
698 893 701 893 701 889 702 889 702 874
927 138 899 138 899 171 897 171 897 173
761 452 761 433 772 433 772 426 782 426
1498 1242 1497 1242 1497 1256 1421 1256 1421 1271
1873 1183 1857 1183 1857 1080 1755 1080 1755 1062
1588 1549 1585 1549 1585 1566 1564 1566 1564 1567
1537 268 1518 268 1518 279 1417 279 1417 331
547 1412 547 1351 536 1351 536 1304 522 1304
767 960 767 915 782 915 782 843 797 843
510 1515 575 1515 575 1479 631 1479 631 1435
1814 1760 1815 1760 1815 1866 1868 1866 1868 1867
593 2015 675 2015 675 1966 699 1966 699 1948
887 1148 887 1144 911 1144 911 1129 914 1129
114 1025 45 1025 45 1027
1161 93 1160 93 1160 38 1139 38 1139 17
254 852 254 798 233 798 233 736 191 736
821 1834 838 1834 838 1835 898 1835 898 1837
1897 439 1959 439 1959 482 1977 482 1977 498
616 1164 609 1164 609 1197 603 1197 603 1241
1047 1256 956 1256 956 1279
160 1234 145 1234 145 1295 70 1295 70 1296
1285 886 1294 886 1294 824
722 1715 722 1713 697 1713 697 1623 678 1623
1836 1708 1926 1708 1926 1709 1939 1709
1364 1463 1365 1463 1365 1519 1436 1519 1436 1556
1345 1570 1277 1570 1277 1638 1259 1638 1259 1639
1470 1772 1470 1752 1526 1752 1526 1691 1596 1691
1408 1477 1463 1477 1463 1584 1501 1584 1501 1585
275 650 275 616 354 616 354 540
1871 228 1884 228 1884 112 1959 112
1884 1194 1887 1194 1887 1318 1911 1318 1911 1321
349 1428 349 1421 335 1421 335 1396 334 1396
1051 72 1051 95 984 95 984 167 967 167
670 1817 688 1817 688 1802 712 1802 712 1747
1621 1131 1621 1126 1622 1126 1622 1124 1627 1124
897 351 873 351 873 410 836 410
1755 808 1750 808 1750 787 1726 787 1726 786
26 1924 27 1924 27 1966 48 1966 48 1982
1755 1611 1755 1594 1667 1594 1667 1538 1647 1538
1293 1146 1293 1156 1349 1156 1349 1157 1419 1157
1702 385 1703 385 1703 401 1751 401 1751 407
1102 483 1102 492 1112 492 1112 521 1130 521
2041 1734 2040 1734 2040 1849 2024 1849 2024 1853
209 817 216 817 216 894 217 894 217 934
43 405 35 405 35 296 29 296 29 291
269 1564 269 1563 268 1563 268 1526 163 1526
393 1417 380 1417 380 1401 280 1401 280 1395
1752 1401 1752 1396 1746 1396 1746 1382 1663 1382
1560 1406 1572 1406 1572 1415 1593 1415 1593 1506
1096 950 1096 955 1053 955 1053 1045 1033 1045
2019 246 2018 246 2018 255 1958 255 1958 271
836 903 863 903 863 814
412 487 412 463 387 463 387 377 347 377
696 1936 696 1935 695 1935 695 1876 591 1876
207 335 216 335 216 366 221 366 221 407
1431 1920 1428 1920 1428 1921 1416 1921 1416 1927
987 1833 933 1833 933 1839 862 1839 862 1860
1564 383 1489 383 1489 387 1461 387 1461 413
258 159 298 159 298 112 311 112 311 111
650 1199 650 1218 752 1218 752 1287 774 1287
239 728 239 733 189 733 189 807 158 807
1948 1713 1948 1759 1976 1759 1976 1801 1984 1801
1751 1007 1752 1007 1752 904 1796 904 1796 881
1370 1746 1420 1746 1420 1758 1424 1758 1424 1764
928 151 979 151 979 27 988 27 988 25
683 1186 667 1186 667 1137 555 1137 555 1094
1273 714 1235 714 1235 753 1158 753
761 706 772 706 772 804 860 804 860 825
367 1646 382 1646 382 1666 439 1666 439 1672
7 1124 7 1086 33 1086
1067 954 1052 954 1052 865 1034 865 1034 863
854 1056 864 1056 864 1072 881 1072 881 1073
1507 1798 1507 1800 1449 1800 1449 1803 1429 1803
5 1782 6 1782 6 1793 34 1793 34 1806
1322 857 1318 857 1318 964
1579 1763 1580 1763 1580 1783 1595 1783 1595 1808
71 13 74 13 74 25 83 25 83 31
859 1201 890 1201 890 1209 891 1209 891 1242
855 906 856 906 856 939 898 939 898 951
679 1711 679 1654 556 1654 556 1633
26 711 26 664 9 664 9 617 4 617
838 535 838 507 804 507 804 420 790 420
1272 723 1272 744 1263 744 1263 806 1203 806
594 1165 537 1165 537 1196
329 1632 257 1632 257 1734 217 1734 217 1748
1793 266 1881 266 1881 380 1890 380 1890 382
368 744 420 744 420 734
1954 751 1830 751 1830 698
493 971 432 971 432 943 404 943 404 851
1721 309 1721 304 1735 304 1735 303 1816 303
544 1614 566 1614 566 1692 616 1692 616 1730
606 876 653 876 653 860 713 860 713 789
1009 1006 1009 1007 1008 1007 1008 1088 985 1088
1330 1181 1267 1181 1267 1123 1241 1123 1241 1122
82 149 82 136 49 136 49 93 45 93
628 580 628 569 618 569 618 558 574 558
1468 398 1523 398 1523 418 1549 418 1549 483
34 1639 8 1639 8 1608 1 1608 1 1572
1645 1000 1642 1000 1642 954 1544 954 1544 880
540 1170 540 1185 574 1185 574 1211 634 1211
514 1798 463 1798 463 1819 453 1819 453 1828
434 241 434 247 477 247 477 281
2009 1144 2009 1088 2006 1088 2006 1069 1979 1069
1281 1153 1281 1174 1257 1174 1257 1279 1230 1279
358 105 358 117 336 117 336 223 329 223
1455 957 1450 957 1450 1018 1360 1018 1360 1069
396 683 395 683 395 695 321 695 321 718
885 371 885 380 914 380 914 423
886 778 832 778 832 718 776 718 776 709
1739 209 1787 209 1787 272 1790 272 1790 274
964 1770 964 1832 988 1832 988 1894 1045 1894
1287 1376 1287 1408 1368 1408 1368 1466
779 2025 779 1945 772 1945 772 1918 726 1918
1002 866 1002 872 1004 872 1004 923 1045 923
1928 652 1931 652 1931 704 1960 704 1960 719
1200 1386 1197 1386 1197 1476 1193 1476 1193 1485
1397 473 1397 488 1375 488 1375 535 1367 535
1436 1368 1436 1359 1430 1359 1430 1348 1428 1348
649 2001 670 2001 670 1965 677 1965 677 1960
1308 626 1309 626 1309 609 1379 609 1379 566
1100 970 1054 970 1054 1002 978 1002 978 1069
2015 65 2013 65 2013 167 1981 167 1981 169
389 362 390 362 390 299 442 299 442 277
1595 541 1562 541 1562 517 1550 517 1550 433
1830 1649 1830 1679 1845 1679 1845 1709 1923 1709
965 1631 965 1633 958 1633 958 1663 840 1663
844 1383 844 1364 824 1364 824 1301
1180 1030 1180 1010 1155 1010 1155 907 1128 907
247 1728 247 1754 248 1754 248 1780 300 1780
1566 563 1509 563 1509 585 1493 585 1493 594
1152 3 1088 3 1088 14 1035 14 1035 19
1057 1221 1057 1290 1113 1290 1113 1291 1153 1291
152 1966 152 2014 147 2014 147 2030 61 2030
125 1120 125 1085 0 1085 0 1005
786 1021 786 1020 791 1020 791 950 897 950
431 569 440 569 440 575 448 575 448 603
859 1535 859 1502 969 1502 969 1499
1869 718 1869 678 1785 678 1785 664 1774 664
751 140 758 140 758 180 825 180 825 222
1776 1595 1775 1595 1775 1612 1686 1612 1686 1657
8 600 8 527 33 527 33 502 59 502
1953 1539 1953 1522 1868 1522 1868 1454 1826 1454
1055 985 1055 1031 1126 1031 1126 1084
722 1224 720 1224 720 1241 719 1241 719 1248
842 1428 822 1428 822 1498 767 1498 767 1518
255 1558 255 1565 349 1565 349 1612 355 1612
1594 363 1594 334 1540 334 1540 249 1474 249
1052 1790 1052 1794 991 1794 991 1807 946 1807
750 164 750 37 719 37
891 1540 939 1540 939 1663
595 484 648 484 648 475 718 475 718 407
1779 822 1779 830 1780 830 1780 853 1806 853
1958 1777 1958 1833 1959 1833 1959 1866 1978 1866
1021 1644 1025 1644 1025 1706 1057 1706 1057 1729
1302 19 1302 21 1409 21 1409 61 1422 61
1214 960 1214 964 1205 964 1205 978 1133 978
1431 584 1430 584 1430 497 1408 497 1408 463
1532 1327 1477 1327 1477 1233 1441 1233
2037 1577 2037 1614 2036 1614 2036 1690 1977 1690
2009 1862 2027 1862 2027 1932 2035 1932 2035 1960
1289 492 1265 492 1265 434 1253 434 1253 432
407 882 406 882 406 847 386 847 386 846
1172 846 1172 820 1264 820 1264 776 1292 776
761 595 761 597 716 597 716 713 708 713
641 1371 641 1325 554 1325 554 1291 537 1291
1662 337 1678 337 1678 342 1789 342 1789 346
869 1333 870 1333 870 1353 986 1353 986 1374
5 1715 10 1715 10 1750 25 1750 25 1792
709 1970 709 1895 702 1895 702 1884 665 1884
422 1443 462 1443 462 1359 521 1359 521 1329
1404 1223 1404 1230 1400 1230 1400 1251 1370 1251
1382 436 1378 436 1378 446 1365 446 1365 489
94 1877 94 1852 92 1852 92 1849 89 1849
1255 776 1255 747 1166 747 1166 733
1569 1342 1569 1249 1581 1249 1581 1216 1586 1216
1401 650 1435 650 1435 681 1439 681 1439 682
1648 1354 1637 1354 1637 1274 1533 1274 1533 1247
694 337 694 303 726 303 726 268 758 268
620 170 613 170 613 221
1060 1378 1031 1378 1031 1453 1015 1453 1015 1455
1187 708 1187 730 1205 730 1205 799 1220 799
777 916 777 917 776 917 776 995 650 995
854 1361 854 1384 820 1384 820 1452 743 1452
1572 397 1581 397 1581 407 1584 407 1584 413
1280 650 1271 650 1271 620 1209 620 1209 524
698 1559 698 1566 686 1566 686 1573 641 1573
275 941 278 941 278 971 388 971 388 1036
1806 587 1806 676 1786 676
1088 1468 1088 1445 1094 1445 1094 1375 1101 1375
1288 1878 1253 1878 1253 1859 1251 1859 1251 1836
1466 146 1466 83 1447 83 1447 20 1342 20
922 1785 922 1798 1009 1798 1009 1834 1048 1834
1947 1174 1947 1260 1950 1260 1950 1290 1962 1290
1998 752 1986 752 1986 647 1957 647
1086 827 1089 827 1089 890 1128 890 1128 899
543 1543 543 1546 583 1546 583 1557 595 1557
1347 2033 1347 2013 1409 2013 1409 1994
657 1456 657 1480 628 1480 628 1501 615 1501
2020 1983 2017 1983 2017 1962 1998 1962 1998 1881
269 1848 269 1861 271 1861 271 1929 274 1929
855 206 899 206 899 207 911 207 911 213
896 1816 860 1816 860 1890 776 1890 776 1922
658 1098 654 1098 654 1174 588 1174 588 1200
980 1292 980 1277 1020 1277 1020 1229 1037 1229
1716 103 1716 111 1692 111 1692 119 1609 119
578 484 578 474 668 474 668 390 681 390
742 1552 742 1563 718 1563 718 1574 626 1574
961 915 961 936 1014 936 1014 1001 1027 1001
1560 1767 1550 1767 1550 1781 1526 1781 1526 1787
391 763 468 763 468 741 481 741 481 716
130 728 187 728 187 808 189 808 189 823
1970 984 1924 984 1924 987 1923 987 1923 999
1044 1539 1024 1539 1024 1542 1007 1542 1007 1547
1083 161 1083 166 1088 166 1088 180 1166 180
1424 451 1424 440 1421 440 1421 402 1411 402
566 233 529 233 529 215 458 215 458 189
315 744 315 685 268 685 268 636 245 636
1939 1 1927 1 1927 45 1915 45 1915 63
1795 1936 1728 1936 1728 1944 1699 1944 1699 1991
840 1693 727 1693 727 1771 713 1771 713 1772
1122 645 1167 645 1167 743 1201 743
701 43 663 43 663 121 657 121 657 123
307 1410 307 1475 366 1475
1555 1223 1555 1272 1556 1272 1556 1301
111 1225 111 1174 58 1174 58 1103
1387 792 1388 792 1388 873 1413 873 1413 881
787 1146 764 1146 764 1126 757 1126 757 1051
1957 729 1956 729 1956 766 1934 766 1934 855
216 1551 158 1551 158 1490 94 1490
920 861 920 845 951 845 951 797 1000 797
1786 1409 1819 1409 1819 1364 1823 1364 1823 1362
1154 1609 1154 1619 1163 1619 1163 1650 1193 1650
1355 1924 1293 1924 1293 1868 1254 1868 1254 1810
21 995 21 1057 68 1057 68 1121 83 1121
1448 1825 1448 1698 1346 1698
1619 821 1602 821 1602 886 1545 886
228 289 228 278 151 278 151 187 142 187
1502 206 1549 206 1549 190 1601 190 1601 186
576 609 571 609 571 668 518 668
1385 1428 1385 1389 1407 1389 1407 1349 1428 1349
1035 440 1035 477 999 477 999 516 991 516
1990 1709 1990 1670 1989 1670 1989 1658 1912 1658
897 756 833 756 833 691 783 691 783 690
1090 1020 1084 1020 1084 1028 1024 1028 1024 1056
666 1390 676 1390 676 1267
1353 1800 1354 1800 1354 1912 1380 1912 1380 1917
502 979 502 962 459 962 459 946 453 946
1665 1515 1755 1515 1755 1423 1788 1423 1788 1390
1088 865 1035 865 1035 859 1018 859 1018 842
482 258 495 258 495 354 533 354 533 355
764 1087 764 1080 882 1080 882 1059 883 1059
171 49 206 49 206 94 233 94 233 111
140 931 140 930 255 930 255 839 256 839
137 1756 137 1635
1809 388 1817 388 1817 291 1852 291 1852 286
1003 1488 1017 1488 1017 1519 1023 1519 1023 1521
214 1971 176 1971 176 1950 126 1950 126 1942
1791 639 1792 639 1792 624 1793 624 1793 609
539 54 494 54 494 52 475 52 475 42
617 162 612 162 612 281 574 281 574 285
99 1080 104 1080 104 1077 113 1077 113 1072
561 399 561 455 647 455 647 477
1695 685 1695 663 1784 663 1784 557
1405 555 1352 555 1352 502 1302 502 1302 501
1531 957 1520 957 1520 956 1509 956
1336 1343 1296 1343 1296 1361 1244 1361 1244 1381
1119 411 1120 411 1120 426 1132 426 1132 495
122 283 121 283 121 291 120 291 120 343
1056 1609 1056 1550 989 1550 989 1493 955 1493
1824 1247 1824 1250 1833 1250 1833 1260 1845 1260
1434 948 1422 948 1422 1003 1385 1003 1385 1004
516 1653 516 1627 541 1627 541 1547 582 1547
940 83 891 83 891 124 863 124
76 644 76 683 96 683 96 706 193 706
330 1516 330 1493 302 1493 302 1419 290 1419
1480 131 1480 140 1476 140 1476 165 1449 165
1427 476 1428 476 1428 461 1490 461 1490 432
155 302 155 322 161 322 161 329 178 329
1149 679 1149 757 1121 757 1121 763 1075 763
682 1661 682 1767
31 205 33 205 33 280 36 280 36 332
1198 821 1295 821 1295 834 1310 834 1310 835
1391 2 1391 12 1466 12 1466 16 1475 16
810 1444 809 1444 809 1417 723 1417 723 1398
676 976 676 944 677 944 677 914 781 914
1435 776 1435 785 1386 785 1386 808 1322 808
1191 20 1162 20 1162 41 1135 41 1135 110
1690 1198 1673 1198 1673 1144 1582 1144 1582 1091
813 682 813 796 853 796
1918 169 1920 169 1920 117 1985 117 1985 100
610 662 606 662 606 646 572 646 572 628
1825 1343 1825 1383 1892 1383 1892 1396 1930 1396
1307 1311 1323 1311 1323 1324 1366 1324 1366 1368
107 821 108 821 108 823 109 823 109 826
1636 700 1636 635 1519 635 1519 631
574 360 556 360 556 371 544 371 544 385
979 1910 990 1910 990 1908 1001 1908 1001 1907
1527 1504 1558 1504 1558 1613
735 1758 735 1783 734 1783 734 1808 693 1808
1172 1740 1172 1799 1214 1799 1214 1846 1239 1846
17 1899 17 1910 53 1910 53 1944 101 1944
1962 1078 1962 1057 1896 1057 1896 969
1076 343 1015 343 1015 336 950 336 950 335
417 450 417 452 440 452 440 457 528 457
1433 1023 1343 1023 1343 1048 1336 1048 1336 1075
159 901 92 901 92 919 85 919 85 927
1307 1834 1306 1834 1306 1879 1254 1879 1254 1913
1367 1320 1327 1320 1327 1216 1310 1216
511 1139 524 1139 524 1212 590 1212 590 1235
1326 1213 1307 1213 1307 1281 1248 1281 1248 1284
507 1840 507 1789 536 1789 536 1717 584 1717
184 993 184 984 117 984 117 961 114 961
1879 1858 1850 1858 1850 1797 1837 1797 1837 1774
992 79 991 79 991 21 868 21 868 6
172 803 93 803 93 860 73 860 73 861
78 960 78 962 77 962 77 967 65 967
1722 832 1698 832 1698 905 1624 905 1624 914
9 1625 23 1625 23 1604 61 1604 61 1574
484 1666 484 1688 477 1688 477 1697 426 1697
320 27 320 20 329 20 329 12 336 12
1452 348 1452 332 1453 332 1453 327 1529 327
520 1300 529 1300 529 1219 573 1219 573 1190
1568 559 1568 543 1518 543 1518 500
1041 1836 1061 1836 1061 1886 1077 1886 1077 1900
528 2006 483 2006 483 1989 468 1989 468 1988
771 699 775 699 775 686 790 686 790 633
507 864 507 873 526 873 526 900 592 900
245 1806 262 1806 262 1697 296 1697 296 1694
412 1457 412 1455 521 1455 521 1447 539 1447
1444 1352 1449 1352 1449 1332 1452 1332 1452 1299
1395 1055 1402 1055 1402 1031
2017 1503 2017 1502 2020 1502 2020 1497 2022 1497
225 681 150 681 150 683 128 683 128 696
1713 290 1713 213 1716 213 1716 163
1356 2014 1379 2014 1379 2035
1093 1921 1093 1920 1111 1920 1111 1919 1165 1919
747 1666 781 1666 781 1727 801 1727 801 1750
1936 1157 1954 1157 1954 1219 1970 1219 1970 1221
1877 697 1876 697 1876 746 1851 746 1851 765
491 1649 487 1649 487 1585 455 1585 455 1527
1368 707 1368 630 1376 630 1376 623 1415 623
1909 833 1787 833 1787 831
1700 180 1688 180 1688 192 1578 192 1578 198
186 1449 197 1449 197 1447 205 1447 205 1445
86 1480 86 1440 96 1440 96 1426 177 1426
423 506 422 506 422 462 388 462 388 413
1824 265 1819 265 1819 260 1813 260 1813 231
50 424 30 424 30 419 18 419 18 398
1615 38 1615 93 1664 93
1752 1283 1801 1283 1801 1289 1803 1289 1803 1293
1493 724 1414 724 1414 705 1374 705 1374 704
1383 306 1335 306 1335 357 1273 357 1273 374
1989 1202 1977 1202 1977 1208 1959 1208 1959 1209
1239 948 1239 911 1167 911 1167 888 1111 888
1611 585 1611 622 1637 622 1637 659 1688 659
44 173 44 207 93 207
458 1949 456 1949 456 1942 439 1942 439 1933
1761 1147 1761 1168 1725 1168 1725 1176 1716 1176
430 1281 430 1253 427 1253 427 1217 425 1217
902 1109 918 1109 918 1131 942 1131 942 1208
87 1490 115 1490 115 1513 122 1513 122 1534
1059 1657 1060 1657 1060 1578 1087 1578 1087 1532
45 338 45 339 32 339 32 342 10 342
508 276 508 226 507 226 507 173 493 173
1377 1272 1377 1247 1381 1247 1381 1153 1387 1153
308 1951 312 1951 312 1882 369 1882 369 1832
744 516 722 516 722 596
433 1146 433 1087 429 1087 429 1074
1804 530 1819 530 1819 583 1833 583
414 1078 414 1017 494 1017 494 958 522 958
1662 262 1662 277 1667 277 1667 329 1676 329
1901 1061 1902 1061 1902 1143 1965 1143 1965 1172
1345 719 1344 719 1344 698 1337 698 1337 665
956 1192 938 1192 938 1243 903 1243 903 1253
995 1987 995 2007 981 2007 981 2028 963 2028
827 1738 832 1738 832 1658
1226 58 1226 49 1215 49 1215 46 1135 46
861 1347 860 1347 860 1344 836 1344 836 1340
1073 425 1055 425 1055 406 1054 406 1054 307
1004 332 1043 332 1043 441 1055 441
654 1643 722 1643 722 1678 759 1678 759 1691
1561 1542 1503 1542 1503 1522 1475 1522 1475 1514
1801 1195 1804 1195 1804 1313 1840 1313 1840 1315
870 1257 870 1244 869 1244 869 1218 826 1218
1962 1596 2026 1596 2026 1654 2032 1654 2032 1655
655 41 702 41 702 95 723 95 723 152
33 1367 44 1367 44 1369 53 1369 53 1371
443 635 436 635 436 665 400 665 400 666
619 75 615 75 615 36 521 36 521 22
414 363 415 363 415 289 430 289 430 259
1587 1441 1538 1441 1538 1444 1507 1444
1229 701 1281 701 1281 622 1298 622 1298 621
1440 496 1440 511 1472 511 1472 604 1487 604
1499 1169 1498 1169 1498 1098 1382 1098 1382 1068
651 1810 635 1810 635 1815 617 1815 617 1835
1443 1526 1443 1518 1427 1518 1427 1489 1424 1489
1612 137 1614 137 1614 187 1661 187 1661 251
222 1162 209 1162 209 1099 190 1099 190 1075
914 1763 890 1763 890 1788
501 1364 501 1428 547 1428 547 1459 617 1459
1940 1789 1940 1787 1957 1787 1957 1781 1991 1781
1181 1675 1134 1675 1134 1733 1121 1733 1121 1755
1770 408 1789 408 1789 465 1850 465
967 904 967 924 1028 924 1028 1030 1079 1030
1203 1568 1216 1568 1216 1545 1295 1545 1295 1521
1647 253 1640 253 1640 313 1541 313 1541 314
408 1338 408 1309 504 1309 504 1280 528 1280
669 1216 710 1216 710 1202 721 1202 721 1185
1075 1938 1005 1938 1005 1927 980 1927 980 1926
1200 321 1200 367 1090 367 1090 415
353 694 353 677 329 677 329 660 315 660
540 245 540 246 425 246 425 265
73 518 73 536 120 536 120 583
1517 1851 1517 1852 1591 1852 1591 1857 1603 1857
883 292 882 292 882 250 850 250 850 235
765 804 765 812 671 812 671 815 644 815
1965 1386 1965 1443 1964 1443 1964 1500 1897 1500
308 391 266 391 266 372 241 372 241 364
1108 739 1113 739 1113 856 1151 856 1151 858
130 0 62 0 62 18 9 18 9 77
944 1581 943 1581 943 1501 829 1501 829 1458
1833 833 1833 819 1891 819 1891 744 1936 744
417 1626 417 1678 416 1678 416 1732 400 1732
1705 547 1705 528 1707 528 1707 472 1739 472
470 1664 470 1673 425 1673 425 1751 373 1751
1843 1893 1894 1893 1894 1968 1953 1968 1953 1969
951 1021 951 1091 872 1091 872 1148 849 1148
844 522 902 522 902 485 936 485 936 481
275 715 275 692 269 692 269 622 263 622
1689 185 1690 185 1690 247 1722 247 1722 270
1023 1870 1019 1870 1019 1900 1006 1900 1006 1937
1308 1080 1371 1080 1371 1062
325 1269 325 1293 294 1293 294 1334 267 1334
1690 747 1686 747 1686 749 1679 749
564 1089 553 1089 553 1048 549 1048 549 995
1400 199 1388 199 1388 172 1380 172 1380 160
618 551 548 551 548 558
1008 187 1008 186 892 186 892 182
1255 1840 1255 1796 1274 1796 1274 1750 1277 1750
1348 690 1348 659 1339 659 1339 627 1315 627
1761 1631 1691 1631 1691 1683 1664 1683 1664 1684
1199 1540 1199 1525 1168 1525 1168 1482 1108 1482
1745 71 1754 71 1754 175 1824 175 1824 176
1724 1267 1686 1267 1686 1165 1613 1165 1613 1145
1061 1256 1061 1270 1125 1270 1125 1285 1155 1285
467 655 494 655 494 600 499 600 499 578
1068 347 1068 322 1071 322 1071 319 1114 319
752 1601 753 1601 753 1641 874 1641 874 1655
1765 1946 1649 1946 1649 1968 1641 1968 1641 1992
1734 1439 1754 1439 1754 1389 1783 1389
449 1507 486 1507 486 1526 541 1526 541 1527
2023 218 2023 213 2028 213 2028 195
754 1182 747 1182 747 1191 740 1191 740 1204
1447 998 1447 947 1421 947 1421 884 1415 884
1753 429 1753 390 1827 390 1827 350 1877 350
36 1747 71 1747 71 1795 89 1795 89 1847
1655 1866 1655 1836 1654 1836 1654 1747 1562 1747
1489 1342 1503 1342 1503 1373 1563 1373 1563 1406
1336 2025 1336 2012 1446 2012 1446 2006
1716 1845 1644 1845 1644 1873 1639 1873 1639 1904
541 1352 541 1426 648 1426 648 1438
1215 1044 1215 1100 1205 1100 1205 1121 1204 1121
399 650 399 698 331 698 331 715 312 715
1016 1919 1016 1920 1076 1920 1076 2005 1080 2005
1982 738 1970 738 1970 703 1951 703 1951 681
1610 343 1610 384 1704 384 1704 397 1705 397
1935 461 1975 461 1975 437 2039 437 2039 436
540 1549 540 1552 532 1552 532 1555 506 1555
371 72 296 72 296 135 257 135 257 158
395 138 395 56
985 759 955 759 955 720 904 720
462 1293 462 1294 389 1294 389 1342
1138 1530 1129 1530 1129 1450 1111 1450 1111 1448
197 336 101 336 101 346 98 346 98 350
1643 980 1643 989 1682 989 1682 1019 1690 1019
1898 101 1994 101 1994 229
331 1282 331 1281 332 1281 332 1269 455 1269
1638 1604 1637 1604 1637 1543 1632 1543 1632 1506
1130 1497 1130 1526 1179 1526 1179 1545 1209 1545
5 697 18 697 18 620
1609 1662 1609 1692 1554 1692 1554 1754
272 66 237 66 237 98 170 98 170 99
1214 1539 1214 1511 1177 1511 1177 1483 1169 1483
506 1265 515 1265 515 1241 583 1241 583 1232
1987 657 2042 657 2042 615 2045 615 2045 569
1851 1876 1851 1890 1792 1890 1792 1934 1790 1934
187 1193 187 1231 207 1231 207 1253 211 1253
1161 1926 1169 1926 1169 1930 1243 1930 1243 1932
21 1103 21 1169 128 1169 128 1185
227 683 227 678 157 678 157 659 150 659
417 2015 481 2015 481 1919 490 1919 490 1917
1949 586 1946 586 1946 703 1937 703
503 1327 503 1322 558 1322 558 1277 612 1277
446 1947 388 1947 388 1959
83 1407 75 1407 75 1421 51 1421 51 1427
556 1044 556 1033 678 1033
275 594 293 594 293 496 379 496 379 495
1464 1740 1468 1740 1468 1791 1473 1791 1473 1817
35 1445 25 1445 25 1424 24 1424 24 1393
611 1418 671 1418 671 1439 673 1439 673 1448
1196 1466 1195 1466 1195 1355 1127 1355 1127 1354
1188 1750 1194 1750 1194 1771 1225 1771 1225 1798
1518 1905 1518 1916 1455 1916 1455 1950 1392 1950
1108 2017 1030 2017 1030 1925 1025 1925 1025 1923
1688 65 1708 65 1708 83 1753 83 1753 103
315 784 346 784 346 787 364 787 364 792
192 1244 155 1244 155 1281 84 1281
1869 1457 1883 1457 1883 1476 1997 1476 1997 1496
497 335 497 318 509 318 509 213 514 213
845 289 826 289 826 306 784 306 784 363
1792 970 1792 990 1892 990
1815 1517 1815 1603 1821 1603 1821 1645 1832 1645
1181 168 1168 168 1168 144 1137 144 1137 64
1999 1188 2024 1188 2024 1167 2033 1167 2033 1142
453 544 467 544 467 552 505 552 505 580
275 943 275 867 285 867 285 840 292 840
445 175 446 175 446 178 454 178 454 180
1468 136 1468 157 1365 157 1365 205 1362 205
1144 1576 1147 1576 1147 1665 1201 1665 1201 1697
1955 617 1956 617 1956 657 1960 657 1960 684
1079 1579 1126 1579 1126 1563 1150 1563 1150 1510
899 983 943 983 943 957 1013 957 1013 956
1315 285 1218 285 1218 393 1211 393 1211 404
1362 1820 1362 1892 1406 1892
1084 281 969 281 969 276
1453 1476 1458 1476 1458 1396 1514 1396 1514 1392
1912 348 1863 348 1863 292 1807 292 1807 291
28 1802 29 1802 29 1893 96 1893 96 1907
1339 797 1316 797 1316 822 1217 822 1217 855
1687 1630 1687 1701 1701 1701 1701 1725 1744 1725
237 1604 262 1604 262 1693 275 1693 275 1695
1791 1864 1791 1858 1667 1858 1667 1851
347 1113 347 1121 334 1121 334 1150 331 1150
282 431 249 431 249 420 164 420 164 384
1196 791 1196 796 1187 796 1187 812 1171 812
200 1854 177 1854 177 1803 119 1803 119 1749
1294 336 1294 354 1261 354 1261 412 1249 412
1973 667 1974 667 1974 693
883 720 883 706 913 706 913 659 915 659
1615 1789 1614 1789 1614 1762 1562 1762 1562 1697
1867 761 1878 761 1878 680 1952 680 1952 639
1696 1732 1696 1727 1688 1727 1688 1722 1658 1722
455 1586 434 1586 434 1587 365 1587 365 1589
2022 506 1998 506 1998 528 1956 528 1956 529
64 537 188 537 188 555 189 555 189 563
1559 605 1569 605 1569 632 1575 632 1575 634
1166 1979 1165 1979 1165 1957 1084 1957 1084 1935
118 556 118 648 128 648 128 679 183 679
1624 1035 1605 1035 1605 1115
1717 371 1717 375 1663 375 1663 474 1624 474
1683 323 1659 323 1659 410 1644 410 1644 440
95 1542 123 1542 123 1493 218 1493 218 1489
1151 973 1151 979 1254 979 1254 1036
1153 1682 1143 1682 1143 1740 1043 1740
1438 1853 1438 1851 1436 1851 1436 1739 1432 1739
976 1900 976 1835 1053 1835 1053 1786 1090 1786
535 1916 509 1916 509 1889 457 1889 457 1808
788 1491 742 1491 742 1437 713 1437 713 1417
1625 1917 1650 1917 1650 1835 1677 1835 1677 1834
1650 1961 1761 1961 1761 1982 1765 1982 1765 1991
272 58 223 58 223 155 186 155
1860 1410 1860 1395 1865 1395 1865 1390 1891 1390
37 579 60 579 60 473 165 473 165 465
755 813 755 836 742 836 742 879 681 879
856 105 856 36 735 36 735 19
1334 51 1334 43 1312 43 1312 16 1303 16
1341 22 1277 22 1277 126 1258 126 1258 127
478 1199 478 1157 364 1157 364 1087 362 1087
339 1176 392 1176 392 1209
469 540 469 528 403 528 403 526 365 526
516 1274 517 1274 517 1305 523 1305 523 1336
1201 1828 1206 1828 1206 1925 1304 1925 1304 1955
1766 848 1766 862 1797 862 1797 908 1843 908
883 1024 883 1040 893 1040 893 1087 1002 1087
796 1433 796 1377 801 1377 801 1358 816 1358
926 1532 926 1529 904 1529 904 1520 860 1520
973 476 973 487 939 487 939 599 920 599
1599 1161 1599 1166 1651 1166 1651 1190 1720 1190
1618 37 1624 37 1624 36 1669 36 1669 35
1292 1644 1284 1644 1284 1699
786 499 786 474 760 474 760 398 697 398
1853 1004 1853 981 1934 981 1934 938 1961 938
1403 1584 1432 1584 1432 1686 1436 1686 1436 1689
1484 1051 1485 1051 1485 1031 1487 1031 1487 1003
3 1787 3 1676 35 1676
1547 1688 1545 1688 1545 1674 1461 1674 1461 1629
2024 667 2023 667 2023 616 1952 616 1952 580
1218 147 1218 126 1144 126 1144 58
493 65 487 65 487 60 486 60 486 7
512 1982 461 1982 461 1992 413 1992 413 1993
598 1772 592 1772 592 1688 588 1688 588 1682
1940 274 1959 274 1959 259 2039 259 2039 182
1368 716 1369 716 1369 748 1427 748 1427 837
932 1780 859 1780 859 1828 816 1828 816 1886
911 292 911 256 877 256 877 209 854 209
1821 1598 1833 1598 1833 1667 1879 1667 1879 1692
820 1633 820 1609 844 1609 844 1536 907 1536
936 454 953 454 953 362
295 1588 208 1588 208 1657 190 1657 190 1715
2020 914 2022 914 2022 947 2029 947 2029 996
888 553 884 553 884 510 877 510 877 507
1880 1446 1850 1446 1850 1545 1830 1545
754 161 685 161 685 70 635 70 635 69
310 1626 367 1626 367 1623
1821 928 1821 940 1863 940 1863 973 1909 973
128 1178 126 1178 126 1266 75 1266 75 1288
940 1590 935 1590 935 1601 915 1601 915 1643
1183 1379 1183 1361 1110 1361 1110 1272 1107 1272
1405 1951 1405 1952 1389 1952 1389 1958 1388 1958
239 1114 239 1119 170 1119 170 1135 119 1135
448 1536 437 1536 437 1552 409 1552 409 1553
461 1808 461 1800 462 1800 462 1778 509 1778
349 44 296 44 296 46 278 46
468 1566 492 1566 492 1667 581 1667 581 1668
586 966 586 910 573 910 573 853 533 853
1212 890 1201 890 1201 904 1177 904 1177 905
510 237 510 236 614 236 614 189 629 189
1414 1236 1439 1236 1439 1243 1462 1243 1462 1252
1387 1796 1384 1796 1384 1734 1320 1734 1320 1733
824 1779 824 1753 841 1753 841 1674 891 1674
1156 987 1132 987 1132 897 1129 897 1129 894
901 423 901 424 932 424 932 433 1028 433
1247 588 1247 560 1295 560 1295 481 1367 481
323 775 288 775 288 755 234 755 234 754
1549 1749 1554 1749 1554 1750 1567 1750 1567 1784
2015 166 2015 171 1942 171 1942 214
1235 1233 1245 1233 1245 1151 1253 1151 1253 1117
904 1681 940 1681 940 1600 942 1600 942 1569
1555 760 1555 844 1479 844 1479 863
239 572 239 695 163 695
2039 1723 2024 1723 2024 1645 2007 1645 2007 1615
1120 938 1120 995 1121 995 1121 1028 1122 1028
848 705 938 705 938 708 947 708 947 711
125 1898 228 1898 228 1916 231 1916 231 1924
1027 127 1042 127 1042 133 1061 133 1061 134
1136 64 1050 64 1050 81 1032 81 1032 88
1730 1604 1730 1590 1728 1590 1728 1546 1704 1546
1682 684 1691 684 1691 651 1760 651 1760 640
1502 1361 1502 1385 1500 1385 1500 1394
625 608 625 623 697 623 697 709 731 709
1493 877 1493 887 1445 887 1445 919 1422 919
162 1893 123 1893 123 1945 72 1945 72 2004
2032 716 2032 718 2027 718 2027 719 2019 719
916 301 824 301 824 263 810 263 810 262
735 1792 735 1818 640 1818 640 1844
1086 1560 1085 1560 1085 1538 1011 1538 1011 1525
1628 1672 1628 1565 1629 1565 1629 1550
632 1677 564 1677 564 1701 545 1701 545 1779
1441 156 1441 91 1430 91 1430 69 1386 69
1956 1305 1956 1321 1937 1321 1937 1370 1889 1370
401 1665 404 1665 404 1604 467 1604
1158 967 1158 983 1157 983 1157 1029 1091 1029
1560 15 1565 15 1565 64 1581 64 1581 66
367 890 332 890 332 914 274 914 274 915
1343 1480 1369 1480 1369 1371 1406 1371 1406 1370
439 1448 410 1448 410 1391 373 1391 373 1390
266 1205 208 1205 208 1133 176 1133 176 1108
11 1429 11 1391 29 1391 29 1332 77 1332
1919 1046 2019 1046 2019 1040 2031 1040 2031 1017
737 1014 758 1014 758 1125 820 1125 820 1126
1978 598 1978 573 2028 573 2028 495 2039 495
1161 64 1161 37 1160 37 1160 1 1143 1
1742 1094 1785 1094 1785 1115
890 732 897 732 897 731 954 731 954 730
1219 348 1220 348 1220 335 1332 335 1332 330
1961 969 1962 969 1962 886
2041 1710 2041 1724 2039 1724 2039 1833 1965 1833
221 1674 161 1674 161 1697 116 1697 116 1701
1658 1113 1730 1113 1730 1120 1773 1120 1773 1145
1420 1081 1420 1096 1520 1096 1520 1143
52 922 52 827 31 827 31 794 1 794
93 1158 154 1158 154 1107 216 1107 216 1072
88 637 89 637 89 612 98 612 98 589
1714 1287 1714 1273 1668 1273 1668 1231 1622 1231
2027 1047 2027 1050 2026 1050 2026 1054 1965 1054
1173 1145 1237 1145 1237 1150 1254 1150 1254 1157
1440 1398 1460 1398 1460 1399 1566 1399 1566 1403
633 2007 634 2007 634 1952 653 1952 653 1930
1685 768 1678 768 1678 744 1633 744 1633 666
278 548 240 548 240 515 229 515 229 514
1413 1042 1356 1042 1356 1057 1344 1057 1344 1063
1871 1234 1935 1234 1935 1245
1364 1520 1397 1520 1397 1570 1479 1570 1479 1571
1221 1600 1214 1600 1214 1625 1205 1625 1205 1657
1852 1009 1852 1008 1851 1008 1851 924 1839 924
1186 124 1159 124 1159 40 1088 40 1088 18
156 1418 156 1322 125 1322 125 1318 74 1318
2042 1197 2042 1221 2030 1221 2030 1248 2028 1248
1375 76 1406 76 1406 80 1426 80 1426 86
1501 1933 1611 1933 1611 2020 1624 2020 1624 2021
1880 461 1827 461 1827 436 1760 436 1760 421
360 322 325 322 325 342 297 342 297 421
1044 1226 1044 1258 979 1258 979 1291 967 1291
628 1809 683 1809 683 1758 687 1758 687 1703
1765 196 1793 196 1793 148 1869 148 1869 143
1373 776 1372 776 1372 798 1317 798 1317 864
320 1624 324 1624 324 1548 327 1548 327 1540
324 516 324 527 325 527 325 557 440 557
1072 1239 1060 1239 1060 1303 1035 1303 1035 1326
930 95 908 95 908 113 906 113 906 185
182 1952 182 1891 69 1891 69 1869
1366 1228 1366 1172 1367 1172 1367 1114 1386 1114
136 1193 136 1213 123 1213 123 1233 96 1233
591 1276 695 1276 695 1300
447 245 459 245 459 285 535 285
1994 457 2000 457 2000 462 2009 462 2009 465
1901 301 1864 301 1864 288 1793 288 1793 174
23 695 23 701 15 701 15 739 9 739
1781 1839 1781 1837 1780 1837 1780 1833 1657 1833
6 455 23 455 23 449 94 449 94 446
890 1008 891 1008 891 956 968 956 968 947
869 1245 869 1281 925 1281
175 771 115 771 115 860 100 860
1406 1154 1408 1154 1408 1124 1409 1124 1409 1105
511 14 443 14 443 37 400 37 400 63
1611 1391 1700 1391 1700 1453
486 750 508 750 508 674 584 674 584 647
949 874 875 874 875 918 867 918 867 935
1493 1316 1533 1316 1533 1372 1583 1372 1583 1440
1822 749 1822 734 1720 734 1720 686 1711 686
1038 940 1038 967 1101 967 1101 994 1131 994
655 529 693 529 693 488
126 190 126 199 107 199 107 283 41 283
1438 23 1438 47 1425 47 1425 55 1310 55
281 1669 281 1696 260 1696 260 1747 229 1747
738 1945 738 1992 768 1992 768 2008 837 2008
284 1444 288 1444 288 1355 353 1355 353 1324
1533 1069 1533 999 1483 999 1483 977 1474 977
591 597 613 597 613 640 654 640
268 1390 269 1390 269 1368 371 1368 371 1361
2003 434 1959 434 1959 417 1908 417 1908 398
1665 1540 1665 1525 1759 1525 1759 1491 1790 1491
1858 1127 1858 1079 1850 1079 1850 1017 1785 1017
826 899 826 853 861 853 861 806 894 806
1688 266 1611 266 1611 258 1593 258 1593 257
1418 312 1406 312 1406 313 1371 313 1371 317
661 1803 609 1803 609 1815 599 1815 599 1858
1877 1074 1759 1074 1759 981
225 1599 152 1599 152 1556 146 1556 146 1540
68 1964 41 1964 41 1950 28 1950 28 1934
695 1855 695 1862 660 1862 660 1870 645 1870
1212 944 1166 944 1166 889 1104 889 1104 860
713 1261 750 1261 750 1306 753 1306 753 1308
1760 1859 1760 1918 1792 1918 1792 1963 1793 1963
755 309 755 313 739 313 739 325 697 325
1364 350 1399 350 1399 351
1810 803 1810 792 1795 792 1795 754 1790 754
331 1120 331 1106 333 1106 333 1035 336 1035
1670 1881 1670 1867 1731 1867 1731 1850
466 1738 399 1738 399 1715 352 1715 352 1641
1977 1791 1977 1688 1980 1688 1980 1670 1984 1670
1550 63 1550 64 1551 64 1551 105 1673 105
321 1783 320 1783 320 1703 267 1703 267 1698
127 238 127 245 121 245 121 247 108 247
556 1005 548 1005 548 1023 540 1023 540 1102
61 1168 61 1086 99 1086 99 1063 152 1063
778 1757 769 1757 769 1779 755 1779 755 1864
38 568 38 553 88 553 88 505 103 505
260 1398 260 1427 172 1427 172 1519 166 1519
404 179 404 215 365 215 365 260
585 1600 585 1523 482 1523 482 1509
145 932 145 901 129 901 129 854 116 854
1612 261 1612 170 1617 170 1617 139 1644 139
222 668 222 615 183 615 183 572 152 572
1210 2026 1225 2026 1225 2021 1308 2021 1308 1991
1592 581 1592 628 1478 628 1478 708 1467 708
461 698 461 697 460 697 460 634 432 634
287 738 259 738 259 677 211 677 211 616
722 798 670 798 670 814 641 814 641 820
509 1865 489 1865 489 1771 463 1771
1692 337 1689 337 1689 335 1660 335 1660 327
564 1 564 10 578 10 578 14 581 14
1114 481 1082 481 1082 408 1064 408 1064 394
1840 265 1921 265 1921 151 1950 151 1950 139
132 474 152 474 152 534
2017 1805 1996 1805 1996 1869 1912 1869 1912 1910
1270 640 1270 707 1282 707 1282 729 1316 729
624 378 617 378 617 386 611 386 611 398
818 1768 818 1807 795 1807 795 1889 738 1889
1657 298 1641 298 1641 339 1604 339 1604 383
777 183 800 183 800 259 801 259 801 290
95 165 95 156 99 156 99 117 102 117
393 935 372 935 372 943 311 943 311 970
1101 237 1101 307 1180 307 1180 365
324 313 324 252 273 252 273 191 208 191
1090 546 1090 553 1080 553 1080 577 1071 577
1177 562 1177 577 1197 577 1197 621 1262 621
279 131 275 131 275 62 244 62
1245 138 1279 138 1279 85 1315 85
743 82 743 40 666 40 666 25 647 25
1729 1389 1718 1389 1718 1390 1702 1390
473 375 479 375 479 419 489 419 489 438
277 692 277 686 260 686 260 665 253 665
1056 1868 939 1868 939 1888
527 162 406 162 406 164
576 330 630 330 630 375 658 375 658 392
1116 1916 1188 1916 1188 1835
152 974 152 881 133 881 133 857 129 857
1768 1668 1768 1629 1683 1629 1683 1549
847 1050 884 1050 884 1088 921 1088 921 1090
566 372 566 414 557 414 557 469 551 469
1906 1600 1906 1632 2003 1632 2003 1658
130 1156 74 1156 74 1280 72 1280 72 1282
1983 625 1950 625 1950 502 1873 502
1471 538 1444 538 1444 536 1353 536 1353 533
1571 1119 1571 1122 1597 1122 1597 1124 1601 1124
1576 668 1593 668 1593 583 1614 583 1614 581
1514 907 1584 907 1584 924 1642 924
1250 704 1250 705 1186 705 1186 715 1133 715
1664 0 1656 0 1656 83 1645 83 1645 86
1164 241 1164 248 1165 248 1165 265 1231 265
1818 566 1818 592 1820 592 1820 667 1930 667
1910 1437 1919 1437 1919 1440 1931 1440 1931 1441
1658 967 1658 985 1731 985 1731 994 1739 994
1392 2008 1392 1999 1393 1999 1393 1934
120 869 138 869 138 876 215 876 215 911
1542 1632 1645 1632 1645 1614
837 367 767 367 767 250 744 250 744 249
638 803 602 803 602 817 563 817 563 823
1609 725 1609 673 1518 673 1518 614 1512 614
88 1454 47 1454 47 1390 11 1390 11 1343
1343 1891 1346 1891 1346 1911 1443 1911 1443 1946
1589 737 1610 737 1610 630 1630 630 1630 628
617 1613 606 1613 606 1615 577 1615 577 1634
595 909 502 909 502 887 486 887 486 814
1566 1039 1566 986 1555 986 1555 967 1548 967
244 614 161 614 161 615 141 615 141 622
152 1188 152 1085 151 1085 151 1084 130 1084
1797 579 1792 579 1792 534 1762 534 1762 526
1739 1146 1739 1186 1859 1186 1859 1203
812 1270 773 1270 773 1228
1354 25 1268 25 1268 43 1258 43 1258 104
1239 614 1239 564 1240 564 1240 515 1330 515
1533 972 1533 979 1480 979 1480 999 1466 999
1248 294 1295 294 1295 352 1365 352
1591 1929 1607 1929 1607 1909 1644 1909 1644 1901
330 499 313 499 313 593
665 139 665 149 664 149 664 160 647 160
1616 1578 1616 1549 1615 1549 1615 1463
1709 1530 1709 1531 1703 1531 1703 1556 1691 1556
888 635 889 635 889 614 1016 614 1016 549
1200 926 1198 926 1198 950 1176 950 1176 978
965 1797 965 1742 891 1742 891 1687 855 1687
609 999 609 979 686 979 686 958 724 958
1312 275 1312 286 1247 286 1247 317 1233 317
1734 1324 1734 1261 1718 1261
1155 1661 1218 1661 1218 1755 1238 1755 1238 1789
1536 235 1494 235 1494 260 1470 260 1470 288
1243 524 1250 524 1250 563 1289 563 1289 615
951 1098 1045 1098 1045 1150 1062 1150 1062 1205
1078 637 1153 637 1153 569 1161 569 1161 544
932 338 933 338 933 246 981 246 981 245
32 1882 32 1892 106 1892 106 1969 116 1969
1555 1812 1556 1812 1556 1810 1560 1810 1560 1740
1810 1703 1810 1800 1771 1800
93 18 99 18 99 34 109 34 109 104
1925 1067 1918 1067 1918 1060 1917 1060 1917 1058
1464 221 1414 221 1414 260 1393 260 1393 261
756 1382 692 1382 692 1481 629 1481 629 1500
346 689 346 683 304 683 304 563 303 563
1700 1868 1744 1868 1744 1805
1336 319 1349 319 1349 322 1403 322 1403 326
1375 1789 1375 1764 1363 1764 1363 1739 1282 1739
229 1767 228 1767 228 1872 113 1872 113 1889
593 1014 587 1014 587 1120 559 1120
1648 383 1649 383 1649 374 1694 374 1694 364
388 79 443 79 443 188 448 188
293 495 331 495 331 513 416 513
581 990 532 990 532 1022 493 1022
1324 1291 1324 1287 1293 1287 1293 1205 1272 1205
1888 1227 2001 1227 2001 1294
1287 71 1299 71 1299 54 1352 54 1352 40
1815 860 1868 860 1868 892 1894 892 1894 903
95 390 94 390 94 368 62 368 62 329
1122 1624 1055 1624 1055 1574
1497 1017 1526 1017 1526 1080 1569 1080 1569 1102
732 1837 747 1837 747 1795 844 1795 844 1716
212 918 223 918 223 900 252 900 252 899
1394 324 1392 324 1392 327 1390 327 1390 339
963 457 963 465 937 465 937 490 932 490
1552 757 1551 757 1551 842 1490 842 1490 843
1661 297 1659 297 1659 284 1652 284 1652 202
1331 1507 1302 1507 1302 1470
1419 1815 1418 1815 1418 1893 1366 1893 1366 1905
1357 597 1375 597 1375 613 1441 613 1441 657
1568 1005 1568 992 1484 992
298 1630 298 1624 299 1624 299 1576 348 1576
932 572 932 567 883 567 883 561 865 561
1901 93 1945 93 1945 79 1990 79 1990 73
1575 1294 1575 1333 1604 1333 1604 1370
1317 1598 1422 1598 1422 1669
693 1324 693 1345 729 1345 729 1410 737 1410
415 1905 416 1905 416 1894 495 1894 495 1890
1842 1634 1877 1634 1877 1615 1944 1615 1944 1588
184 631 140 631 140 588 60 588 60 584
970 1318 949 1318 949 1323 924 1323 924 1324
1410 1133 1414 1133 1414 1029 1441 1029
794 1178 794 1163 894 1163 894 1157 911 1157
100 437 170 437 170 500
1975 1659 1975 1664 1958 1664 1958 1758 1954 1758
204 1806 204 1767 205 1767 205 1728 253 1728
454 2046 485 2046 485 2030 531 2030 531 2029
703 1869 703 1836 736 1836 736 1758 783 1758
870 382 869 382 869 288 839 288 839 254
1326 1553 1276 1553 1276 1606 1263 1606 1263 1625
728 1470 702 1470 702 1532 671 1532 671 1533
1450 1787 1454 1787 1454 1781 1456 1781 1456 1695
580 1543 573 1543 573 1511 546 1511 546 1433
1760 178 1760 197 1788 197 1788 218 1874 218
1204 772 1157 772 1157 735 1078 735 1078 697
233 126 316 126 316 111 318 111 318 96
184 584 260 584 260 590
1828 19 1828 37 1830 37 1830 71
